"arten","funk","jahr","value","dim","hh","unit","model"
"100","","2017","62980943.76","bilanz","ktn_gdn_ur","CHF","fs"
"101","","2017","92744053.77","bilanz","ktn_gdn_ur","CHF","fs"
"102","","2017","15032040","bilanz","ktn_gdn_ur","CHF","fs"
"104","","2017","22887326.52","bilanz","ktn_gdn_ur","CHF","fs"
"106","","2017","1446264.05","bilanz","ktn_gdn_ur","CHF","fs"
"107","","2017","11007453.06","bilanz","ktn_gdn_ur","CHF","fs"
"108","","2017","49117235","bilanz","ktn_gdn_ur","CHF","fs"
"109","","2017","","bilanz","ktn_gdn_ur","CHF","fs"
"140","","2017","204915993.85","bilanz","ktn_gdn_ur","CHF","fs"
"141","","2017","","bilanz","ktn_gdn_ur","CHF","fs"
"142","","2017","1088898.75","bilanz","ktn_gdn_ur","CHF","fs"
"143","","2017","","bilanz","ktn_gdn_ur","CHF","fs"
"144","","2017","41365722.8","bilanz","ktn_gdn_ur","CHF","fs"
"145","","2017","62279100.5","bilanz","ktn_gdn_ur","CHF","fs"
"146","","2017","33100273.33","bilanz","ktn_gdn_ur","CHF","fs"
"147","","2017","","bilanz","ktn_gdn_ur","CHF","fs"
"148","","2017","","bilanz","ktn_gdn_ur","CHF","fs"
"200","","2017","76238733.34","bilanz","ktn_gdn_ur","CHF","fs"
"201","","2017","1633177.18","bilanz","ktn_gdn_ur","CHF","fs"
"204","","2017","15921804.52","bilanz","ktn_gdn_ur","CHF","fs"
"205","","2017","6397850.15","bilanz","ktn_gdn_ur","CHF","fs"
"206","","2017","147250373.45","bilanz","ktn_gdn_ur","CHF","fs"
"207","","2017","","bilanz","ktn_gdn_ur","CHF","fs"
"208","","2017","19632476.3","bilanz","ktn_gdn_ur","CHF","fs"
"209","","2017","6296717.41","bilanz","ktn_gdn_ur","CHF","fs"
"290","","2017","32347219.42","bilanz","ktn_gdn_ur","CHF","fs"
"292","","2017","","bilanz","ktn_gdn_ur","CHF","fs"
"293","","2017","13876314.6","bilanz","ktn_gdn_ur","CHF","fs"
"294","","2017","1146080","bilanz","ktn_gdn_ur","CHF","fs"
"295","","2017","","bilanz","ktn_gdn_ur","CHF","fs"
"296","","2017","32000","bilanz","ktn_gdn_ur","CHF","fs"
"298","","2017","","bilanz","ktn_gdn_ur","CHF","fs"
"299","","2017","277192559.02","bilanz","ktn_gdn_ur","CHF","fs"
"empty","","2017","","er","ktn_gdn_ur","CHF","fs"
"empty","","2017","","er","ktn_gdn_ur","CHF","fs"
"empty","","2017","","er","ktn_gdn_ur","CHF","fs"
"empty","","2017","","er","ktn_gdn_ur","CHF","fs"
"300","","2017","4532297.82","aufwand","ktn_gdn_ur","CHF","fs"
"301","","2017","84927577.48","aufwand","ktn_gdn_ur","CHF","fs"
"302","","2017","47174028.4","aufwand","ktn_gdn_ur","CHF","fs"
"303","","2017","122787","aufwand","ktn_gdn_ur","CHF","fs"
"304","","2017","1570477.95","aufwand","ktn_gdn_ur","CHF","fs"
"305","","2017","27011815.28","aufwand","ktn_gdn_ur","CHF","fs"
"306","","2017","4738530.07","aufwand","ktn_gdn_ur","CHF","fs"
"309","","2017","1659378.88","aufwand","ktn_gdn_ur","CHF","fs"
"310","","2017","9256148.44","aufwand","ktn_gdn_ur","CHF","fs"
"311","","2017","5583084.17","aufwand","ktn_gdn_ur","CHF","fs"
"312","","2017","7561045.95","aufwand","ktn_gdn_ur","CHF","fs"
"313","","2017","33521555.66","aufwand","ktn_gdn_ur","CHF","fs"
"314","","2017","18534867.12","aufwand","ktn_gdn_ur","CHF","fs"
"315","","2017","6268896.28","aufwand","ktn_gdn_ur","CHF","fs"
"316","","2017","1404763.75","aufwand","ktn_gdn_ur","CHF","fs"
"317","","2017","1693299.49","aufwand","ktn_gdn_ur","CHF","fs"
"318","","2017","838342.38","aufwand","ktn_gdn_ur","CHF","fs"
"319","","2017","1386497.49","aufwand","ktn_gdn_ur","CHF","fs"
"320","","2017","","aufwand","ktn_gdn_ur","CHF","fs"
"331","","2017","","aufwand","ktn_gdn_ur","CHF","fs"
"337","","2017","14214633.3","aufwand","ktn_gdn_ur","CHF","fs"
"338","","2017","","aufwand","ktn_gdn_ur","CHF","fs"
"340","","2017","852077.39","aufwand","ktn_gdn_ur","CHF","fs"
"341","","2017","1052.27","aufwand","ktn_gdn_ur","CHF","fs"
"342","","2017","36495.67","aufwand","ktn_gdn_ur","CHF","fs"
"343","","2017","385635.02","aufwand","ktn_gdn_ur","CHF","fs"
"344","","2017","219335.55","aufwand","ktn_gdn_ur","CHF","fs"
"349","","2017","115758.63","aufwand","ktn_gdn_ur","CHF","fs"
"350","","2017","250889.75","aufwand","ktn_gdn_ur","CHF","fs"
"351","","2017","1853212.63","aufwand","ktn_gdn_ur","CHF","fs"
"352","","2017","","aufwand","ktn_gdn_ur","CHF","fs"
"3600","","2017","","aufwand","ktn_gdn_ur","CHF","fs"
"36010","","2017","","aufwand","ktn_gdn_ur","CHF","fs"
"36011","","2017","","aufwand","ktn_gdn_ur","CHF","fs"
"36012","","2017","","aufwand","ktn_gdn_ur","CHF","fs"
"36013","","2017","","aufwand","ktn_gdn_ur","CHF","fs"
"36014","","2017","","aufwand","ktn_gdn_ur","CHF","fs"
"36015","","2017","","aufwand","ktn_gdn_ur","CHF","fs"
"36016","","2017","","aufwand","ktn_gdn_ur","CHF","fs"
"36017","","2017","","aufwand","ktn_gdn_ur","CHF","fs"
"36018","","2017","","aufwand","ktn_gdn_ur","CHF","fs"
"36019","","2017","","aufwand","ktn_gdn_ur","CHF","fs"
"36021","","2017","","aufwand","ktn_gdn_ur","CHF","fs"
"36022","","2017","","aufwand","ktn_gdn_ur","CHF","fs"
"36023","","2017","","aufwand","ktn_gdn_ur","CHF","fs"
"36029","","2017","","aufwand","ktn_gdn_ur","CHF","fs"
"3603","","2017","","aufwand","ktn_gdn_ur","CHF","fs"
"3604","","2017","","aufwand","ktn_gdn_ur","CHF","fs"
"3610","","2017","","aufwand","ktn_gdn_ur","CHF","fs"
"3611","","2017","5389754.68","aufwand","ktn_gdn_ur","CHF","fs"
"3612","","2017","","aufwand","ktn_gdn_ur","CHF","fs"
"3613","","2017","","aufwand","ktn_gdn_ur","CHF","fs"
"3614","","2017","389000","aufwand","ktn_gdn_ur","CHF","fs"
"3620","","2017","","aufwand","ktn_gdn_ur","CHF","fs"
"36211","","2017","","aufwand","ktn_gdn_ur","CHF","fs"
"36212","","2017","","aufwand","ktn_gdn_ur","CHF","fs"
"36213","","2017","","aufwand","ktn_gdn_ur","CHF","fs"
"36214","","2017","516866","aufwand","ktn_gdn_ur","CHF","fs"
"36215","","2017","","aufwand","ktn_gdn_ur","CHF","fs"
"36216","","2017","","aufwand","ktn_gdn_ur","CHF","fs"
"36217","","2017","","aufwand","ktn_gdn_ur","CHF","fs"
"36219","","2017","","aufwand","ktn_gdn_ur","CHF","fs"
"36221","","2017","","aufwand","ktn_gdn_ur","CHF","fs"
"36222","","2017","","aufwand","ktn_gdn_ur","CHF","fs"
"36223","","2017","","aufwand","ktn_gdn_ur","CHF","fs"
"36224","","2017","","aufwand","ktn_gdn_ur","CHF","fs"
"36225","","2017","","aufwand","ktn_gdn_ur","CHF","fs"
"36226","","2017","","aufwand","ktn_gdn_ur","CHF","fs"
"36227","","2017","","aufwand","ktn_gdn_ur","CHF","fs"
"36228","","2017","","aufwand","ktn_gdn_ur","CHF","fs"
"3624","","2017","","aufwand","ktn_gdn_ur","CHF","fs"
"3629","","2017","","aufwand","ktn_gdn_ur","CHF","fs"
"3630","","2017","","aufwand","ktn_gdn_ur","CHF","fs"
"3631","","2017","12425682.3","aufwand","ktn_gdn_ur","CHF","fs"
"3632","","2017","","aufwand","ktn_gdn_ur","CHF","fs"
"3633","","2017","560641.7","aufwand","ktn_gdn_ur","CHF","fs"
"3634","","2017","49309676.56","aufwand","ktn_gdn_ur","CHF","fs"
"3635","","2017","37277394.95","aufwand","ktn_gdn_ur","CHF","fs"
"3636","","2017","44721758.03","aufwand","ktn_gdn_ur","CHF","fs"
"3637","","2017","39011134.62","aufwand","ktn_gdn_ur","CHF","fs"
"3638","","2017","","aufwand","ktn_gdn_ur","CHF","fs"
"3639","","2017","1475868.6","aufwand","ktn_gdn_ur","CHF","fs"
"364","","2017","535341","aufwand","ktn_gdn_ur","CHF","fs"
"365","","2017","13715","aufwand","ktn_gdn_ur","CHF","fs"
"366","","2017","6106320.78","aufwand","ktn_gdn_ur","CHF","fs"
"369","","2017","","aufwand","ktn_gdn_ur","CHF","fs"
"380","","2017","","aufwand","ktn_gdn_ur","CHF","fs"
"381","","2017","37425.65","aufwand","ktn_gdn_ur","CHF","fs"
"383","","2017","4022846.79","aufwand","ktn_gdn_ur","CHF","fs"
"384","","2017","","aufwand","ktn_gdn_ur","CHF","fs"
"3860","","2017","","aufwand","ktn_gdn_ur","CHF","fs"
"3861","","2017","","aufwand","ktn_gdn_ur","CHF","fs"
"3862","","2017","","aufwand","ktn_gdn_ur","CHF","fs"
"3863","","2017","","aufwand","ktn_gdn_ur","CHF","fs"
"3864","","2017","","aufwand","ktn_gdn_ur","CHF","fs"
"3865","","2017","","aufwand","ktn_gdn_ur","CHF","fs"
"3866","","2017","","aufwand","ktn_gdn_ur","CHF","fs"
"3867","","2017","","aufwand","ktn_gdn_ur","CHF","fs"
"3868","","2017","","aufwand","ktn_gdn_ur","CHF","fs"
"387","","2017","","aufwand","ktn_gdn_ur","CHF","fs"
"389","","2017","1406080","aufwand","ktn_gdn_ur","CHF","fs"
"4000","","2017","113154483.05","ertrag","ktn_gdn_ur","CHF","fs"
"4001","","2017","9909221.25","ertrag","ktn_gdn_ur","CHF","fs"
"4002","","2017","4838303.8","ertrag","ktn_gdn_ur","CHF","fs"
"4008","","2017","1352000","ertrag","ktn_gdn_ur","CHF","fs"
"4009","","2017","303785.3","ertrag","ktn_gdn_ur","CHF","fs"
"4010","","2017","16378700.8","ertrag","ktn_gdn_ur","CHF","fs"
"4011","","2017","959103.9","ertrag","ktn_gdn_ur","CHF","fs"
"4012","","2017","","ertrag","ktn_gdn_ur","CHF","fs"
"4019","","2017","1153000","ertrag","ktn_gdn_ur","CHF","fs"
"4020","","2017","","ertrag","ktn_gdn_ur","CHF","fs"
"4021","","2017","","ertrag","ktn_gdn_ur","CHF","fs"
"4022","","2017","6913332","ertrag","ktn_gdn_ur","CHF","fs"
"4023","","2017","","ertrag","ktn_gdn_ur","CHF","fs"
"4024","","2017","1295290","ertrag","ktn_gdn_ur","CHF","fs"
"4025","","2017","","ertrag","ktn_gdn_ur","CHF","fs"
"4030","","2017","10214546","ertrag","ktn_gdn_ur","CHF","fs"
"4031","","2017","97423","ertrag","ktn_gdn_ur","CHF","fs"
"4032","","2017","","ertrag","ktn_gdn_ur","CHF","fs"
"4033","","2017","69000","ertrag","ktn_gdn_ur","CHF","fs"
"4039","","2017","15464.9","ertrag","ktn_gdn_ur","CHF","fs"
"4040","","2017","","ertrag","ktn_gdn_ur","CHF","fs"
"4041","","2017","","ertrag","ktn_gdn_ur","CHF","fs"
"4042","","2017","","ertrag","ktn_gdn_ur","CHF","fs"
"4043","","2017","","ertrag","ktn_gdn_ur","CHF","fs"
"4044","","2017","","ertrag","ktn_gdn_ur","CHF","fs"
"4045","","2017","","ertrag","ktn_gdn_ur","CHF","fs"
"4046","","2017","","ertrag","ktn_gdn_ur","CHF","fs"
"4047","","2017","","ertrag","ktn_gdn_ur","CHF","fs"
"4049","","2017","","ertrag","ktn_gdn_ur","CHF","fs"
"4050","","2017","","ertrag","ktn_gdn_ur","CHF","fs"
"4051","","2017","","ertrag","ktn_gdn_ur","CHF","fs"
"4052","","2017","","ertrag","ktn_gdn_ur","CHF","fs"
"4053","","2017","","ertrag","ktn_gdn_ur","CHF","fs"
"4059","","2017","","ertrag","ktn_gdn_ur","CHF","fs"
"4060","","2017","","ertrag","ktn_gdn_ur","CHF","fs"
"4070","","2017","","ertrag","ktn_gdn_ur","CHF","fs"
"4071","","2017","","ertrag","ktn_gdn_ur","CHF","fs"
"4072","","2017","","ertrag","ktn_gdn_ur","CHF","fs"
"4079","","2017","","ertrag","ktn_gdn_ur","CHF","fs"
"410","","2017","675828.55","ertrag","ktn_gdn_ur","CHF","fs"
"411","","2017","5010969","ertrag","ktn_gdn_ur","CHF","fs"
"412","","2017","27690338.6","ertrag","ktn_gdn_ur","CHF","fs"
"413","","2017","2110371","ertrag","ktn_gdn_ur","CHF","fs"
"420","","2017","583267.04","ertrag","ktn_gdn_ur","CHF","fs"
"421","","2017","8925258.39","ertrag","ktn_gdn_ur","CHF","fs"
"422","","2017","","ertrag","ktn_gdn_ur","CHF","fs"
"423","","2017","610624","ertrag","ktn_gdn_ur","CHF","fs"
"424","","2017","7158750.93","ertrag","ktn_gdn_ur","CHF","fs"
"425","","2017","832559.37","ertrag","ktn_gdn_ur","CHF","fs"
"426","","2017","9080434.6","ertrag","ktn_gdn_ur","CHF","fs"
"427","","2017","10545018.34","ertrag","ktn_gdn_ur","CHF","fs"
"429","","2017","908529.94","ertrag","ktn_gdn_ur","CHF","fs"
"430","","2017","58539.9","ertrag","ktn_gdn_ur","CHF","fs"
"431","","2017","539002.71","ertrag","ktn_gdn_ur","CHF","fs"
"432","","2017","","ertrag","ktn_gdn_ur","CHF","fs"
"439","","2017","786599.8","ertrag","ktn_gdn_ur","CHF","fs"
"440","","2017","343781.81","ertrag","ktn_gdn_ur","CHF","fs"
"441","","2017","9372.61","ertrag","ktn_gdn_ur","CHF","fs"
"442","","2017","95032.8","ertrag","ktn_gdn_ur","CHF","fs"
"443","","2017","1464091.5","ertrag","ktn_gdn_ur","CHF","fs"
"444","","2017","486142.7","ertrag","ktn_gdn_ur","CHF","fs"
"445","","2017","112947","ertrag","ktn_gdn_ur","CHF","fs"
"446","","2017","8571165.15","ertrag","ktn_gdn_ur","CHF","fs"
"447","","2017","4533435.47","ertrag","ktn_gdn_ur","CHF","fs"
"448","","2017","25590","ertrag","ktn_gdn_ur","CHF","fs"
"449","","2017","696.65","ertrag","ktn_gdn_ur","CHF","fs"
"450","","2017","495363.1","ertrag","ktn_gdn_ur","CHF","fs"
"451","","2017","774560.53","ertrag","ktn_gdn_ur","CHF","fs"
"452","","2017","","ertrag","ktn_gdn_ur","CHF","fs"
"46000","","2017","6746091","ertrag","ktn_gdn_ur","CHF","fs"
"46001","","2017","4101041.64","ertrag","ktn_gdn_ur","CHF","fs"
"46002","","2017","135394","ertrag","ktn_gdn_ur","CHF","fs"
"46003","","2017","107688","ertrag","ktn_gdn_ur","CHF","fs"
"46004","","2017","","ertrag","ktn_gdn_ur","CHF","fs"
"46005","","2017","5200475.43","ertrag","ktn_gdn_ur","CHF","fs"
"46006","","2017","","ertrag","ktn_gdn_ur","CHF","fs"
"46007","","2017","8083","ertrag","ktn_gdn_ur","CHF","fs"
"46008","","2017","8013682.5","ertrag","ktn_gdn_ur","CHF","fs"
"46009","","2017","2830","ertrag","ktn_gdn_ur","CHF","fs"
"46010","","2017","","ertrag","ktn_gdn_ur","CHF","fs"
"46011","","2017","","ertrag","ktn_gdn_ur","CHF","fs"
"46012","","2017","","ertrag","ktn_gdn_ur","CHF","fs"
"46019","","2017","","ertrag","ktn_gdn_ur","CHF","fs"
"4603","","2017","","ertrag","ktn_gdn_ur","CHF","fs"
"4604","","2017","","ertrag","ktn_gdn_ur","CHF","fs"
"4610","","2017","42813110.99","ertrag","ktn_gdn_ur","CHF","fs"
"4611","","2017","425006.31","ertrag","ktn_gdn_ur","CHF","fs"
"4612","","2017","","ertrag","ktn_gdn_ur","CHF","fs"
"4613","","2017","994533.38","ertrag","ktn_gdn_ur","CHF","fs"
"4614","","2017","424680.25","ertrag","ktn_gdn_ur","CHF","fs"
"46201","","2017","39756891.83","ertrag","ktn_gdn_ur","CHF","fs"
"46202","","2017","","ertrag","ktn_gdn_ur","CHF","fs"
"46203","","2017","11506192.73","ertrag","ktn_gdn_ur","CHF","fs"
"46204","","2017","","ertrag","ktn_gdn_ur","CHF","fs"
"46209","","2017","","ertrag","ktn_gdn_ur","CHF","fs"
"46211","","2017","27043166.71","ertrag","ktn_gdn_ur","CHF","fs"
"46212","","2017","","ertrag","ktn_gdn_ur","CHF","fs"
"46213","","2017","","ertrag","ktn_gdn_ur","CHF","fs"
"46214","","2017","","ertrag","ktn_gdn_ur","CHF","fs"
"46215","","2017","","ertrag","ktn_gdn_ur","CHF","fs"
"46216","","2017","","ertrag","ktn_gdn_ur","CHF","fs"
"46217","","2017","","ertrag","ktn_gdn_ur","CHF","fs"
"46225","","2017","","ertrag","ktn_gdn_ur","CHF","fs"
"46226","","2017","","ertrag","ktn_gdn_ur","CHF","fs"
"46227","","2017","","ertrag","ktn_gdn_ur","CHF","fs"
"46228","","2017","","ertrag","ktn_gdn_ur","CHF","fs"
"4624","","2017","","ertrag","ktn_gdn_ur","CHF","fs"
"4629","","2017","","ertrag","ktn_gdn_ur","CHF","fs"
"4630","","2017","53214720.52","ertrag","ktn_gdn_ur","CHF","fs"
"4631","","2017","10446.2","ertrag","ktn_gdn_ur","CHF","fs"
"4632","","2017","","ertrag","ktn_gdn_ur","CHF","fs"
"4633","","2017","","ertrag","ktn_gdn_ur","CHF","fs"
"4634","","2017","856902.4","ertrag","ktn_gdn_ur","CHF","fs"
"4635","","2017","1244472.61","ertrag","ktn_gdn_ur","CHF","fs"
"4636","","2017","233600","ertrag","ktn_gdn_ur","CHF","fs"
"4637","","2017","","ertrag","ktn_gdn_ur","CHF","fs"
"4638","","2017","","ertrag","ktn_gdn_ur","CHF","fs"
"466","","2017","","ertrag","ktn_gdn_ur","CHF","fs"
"469","","2017","108430.81","ertrag","ktn_gdn_ur","CHF","fs"
"481","","2017","","ertrag","ktn_gdn_ur","CHF","fs"
"482","","2017","","ertrag","ktn_gdn_ur","CHF","fs"
"483","","2017","","ertrag","ktn_gdn_ur","CHF","fs"
"484","","2017","","ertrag","ktn_gdn_ur","CHF","fs"
"485","","2017","","ertrag","ktn_gdn_ur","CHF","fs"
"4860","","2017","","ertrag","ktn_gdn_ur","CHF","fs"
"4861","","2017","","ertrag","ktn_gdn_ur","CHF","fs"
"4862","","2017","","ertrag","ktn_gdn_ur","CHF","fs"
"4863","","2017","","ertrag","ktn_gdn_ur","CHF","fs"
"4864","","2017","","ertrag","ktn_gdn_ur","CHF","fs"
"4865","","2017","","ertrag","ktn_gdn_ur","CHF","fs"
"4866","","2017","","ertrag","ktn_gdn_ur","CHF","fs"
"4867","","2017","","ertrag","ktn_gdn_ur","CHF","fs"
"4868","","2017","","ertrag","ktn_gdn_ur","CHF","fs"
"4870","","2017","","ertrag","ktn_gdn_ur","CHF","fs"
"489","","2017","1936680.35","ertrag","ktn_gdn_ur","CHF","fs"
"empty","","2017","","fir","ktn_gdn_ur","CHF","fs"
"empty","","2017","","fir","ktn_gdn_ur","CHF","fs"
"empty","","2017","","fir","ktn_gdn_ur","CHF","fs"
"empty","","2017","","fir","ktn_gdn_ur","CHF","fs"
"empty","","2017","","fir","ktn_gdn_ur","CHF","fs"
"300","","2017","4532297.82","ausgaben","ktn_gdn_ur","CHF","fs"
"301","","2017","84927577.48","ausgaben","ktn_gdn_ur","CHF","fs"
"302","","2017","47174028.4","ausgaben","ktn_gdn_ur","CHF","fs"
"303","","2017","122787","ausgaben","ktn_gdn_ur","CHF","fs"
"304","","2017","1570477.95","ausgaben","ktn_gdn_ur","CHF","fs"
"305","","2017","27011815.28","ausgaben","ktn_gdn_ur","CHF","fs"
"306","","2017","4738530.07","ausgaben","ktn_gdn_ur","CHF","fs"
"309","","2017","1659378.88","ausgaben","ktn_gdn_ur","CHF","fs"
"310","","2017","9256148.44","ausgaben","ktn_gdn_ur","CHF","fs"
"311","","2017","5583084.17","ausgaben","ktn_gdn_ur","CHF","fs"
"312","","2017","7561045.95","ausgaben","ktn_gdn_ur","CHF","fs"
"313","","2017","33521555.66","ausgaben","ktn_gdn_ur","CHF","fs"
"314","","2017","18534867.12","ausgaben","ktn_gdn_ur","CHF","fs"
"315","","2017","6268896.28","ausgaben","ktn_gdn_ur","CHF","fs"
"316","","2017","1404763.75","ausgaben","ktn_gdn_ur","CHF","fs"
"317","","2017","1693299.49","ausgaben","ktn_gdn_ur","CHF","fs"
"318","","2017","487524.38","ausgaben","ktn_gdn_ur","CHF","fs"
"319","","2017","1386497.49","ausgaben","ktn_gdn_ur","CHF","fs"
"320","","2017","","ausgaben","ktn_gdn_ur","CHF","fs"
"340","","2017","852077.39","ausgaben","ktn_gdn_ur","CHF","fs"
"341","","2017","1052.27","ausgaben","ktn_gdn_ur","CHF","fs"
"342","","2017","36495.67","ausgaben","ktn_gdn_ur","CHF","fs"
"343","","2017","385635.02","ausgaben","ktn_gdn_ur","CHF","fs"
"349","","2017","115758.63","ausgaben","ktn_gdn_ur","CHF","fs"
"3600","","2017","","ausgaben","ktn_gdn_ur","CHF","fs"
"36010","","2017","","ausgaben","ktn_gdn_ur","CHF","fs"
"36011","","2017","","ausgaben","ktn_gdn_ur","CHF","fs"
"36012","","2017","","ausgaben","ktn_gdn_ur","CHF","fs"
"36013","","2017","","ausgaben","ktn_gdn_ur","CHF","fs"
"36014","","2017","","ausgaben","ktn_gdn_ur","CHF","fs"
"36015","","2017","","ausgaben","ktn_gdn_ur","CHF","fs"
"36016","","2017","","ausgaben","ktn_gdn_ur","CHF","fs"
"36017","","2017","","ausgaben","ktn_gdn_ur","CHF","fs"
"36018","","2017","","ausgaben","ktn_gdn_ur","CHF","fs"
"36019","","2017","","ausgaben","ktn_gdn_ur","CHF","fs"
"36021","","2017","","ausgaben","ktn_gdn_ur","CHF","fs"
"36022","","2017","","ausgaben","ktn_gdn_ur","CHF","fs"
"36023","","2017","","ausgaben","ktn_gdn_ur","CHF","fs"
"36029","","2017","","ausgaben","ktn_gdn_ur","CHF","fs"
"3603","","2017","","ausgaben","ktn_gdn_ur","CHF","fs"
"3604","","2017","","ausgaben","ktn_gdn_ur","CHF","fs"
"3610","","2017","","ausgaben","ktn_gdn_ur","CHF","fs"
"3611","","2017","5389754.68","ausgaben","ktn_gdn_ur","CHF","fs"
"3612","","2017","","ausgaben","ktn_gdn_ur","CHF","fs"
"3613","","2017","","ausgaben","ktn_gdn_ur","CHF","fs"
"3614","","2017","389000","ausgaben","ktn_gdn_ur","CHF","fs"
"3620","","2017","","ausgaben","ktn_gdn_ur","CHF","fs"
"36211","","2017","","ausgaben","ktn_gdn_ur","CHF","fs"
"36212","","2017","","ausgaben","ktn_gdn_ur","CHF","fs"
"36213","","2017","","ausgaben","ktn_gdn_ur","CHF","fs"
"36214","","2017","516866","ausgaben","ktn_gdn_ur","CHF","fs"
"36215","","2017","","ausgaben","ktn_gdn_ur","CHF","fs"
"36216","","2017","","ausgaben","ktn_gdn_ur","CHF","fs"
"36217","","2017","","ausgaben","ktn_gdn_ur","CHF","fs"
"36219","","2017","","ausgaben","ktn_gdn_ur","CHF","fs"
"36221","","2017","","ausgaben","ktn_gdn_ur","CHF","fs"
"36222","","2017","","ausgaben","ktn_gdn_ur","CHF","fs"
"36223","","2017","","ausgaben","ktn_gdn_ur","CHF","fs"
"36224","","2017","","ausgaben","ktn_gdn_ur","CHF","fs"
"36225","","2017","","ausgaben","ktn_gdn_ur","CHF","fs"
"36226","","2017","","ausgaben","ktn_gdn_ur","CHF","fs"
"36227","","2017","","ausgaben","ktn_gdn_ur","CHF","fs"
"36228","","2017","","ausgaben","ktn_gdn_ur","CHF","fs"
"3624","","2017","","ausgaben","ktn_gdn_ur","CHF","fs"
"3629","","2017","","ausgaben","ktn_gdn_ur","CHF","fs"
"3630","","2017","","ausgaben","ktn_gdn_ur","CHF","fs"
"3631","","2017","12425682.3","ausgaben","ktn_gdn_ur","CHF","fs"
"3632","","2017","","ausgaben","ktn_gdn_ur","CHF","fs"
"3633","","2017","560641.7","ausgaben","ktn_gdn_ur","CHF","fs"
"3634","","2017","49309676.56","ausgaben","ktn_gdn_ur","CHF","fs"
"3635","","2017","37277394.95","ausgaben","ktn_gdn_ur","CHF","fs"
"3636","","2017","44721758.03","ausgaben","ktn_gdn_ur","CHF","fs"
"3637","","2017","39011134.62","ausgaben","ktn_gdn_ur","CHF","fs"
"3638","","2017","","ausgaben","ktn_gdn_ur","CHF","fs"
"3639","","2017","1475868.6","ausgaben","ktn_gdn_ur","CHF","fs"
"369","","2017","","ausgaben","ktn_gdn_ur","CHF","fs"
"380","","2017","","ausgaben","ktn_gdn_ur","CHF","fs"
"381","","2017","37425.65","ausgaben","ktn_gdn_ur","CHF","fs"
"384","","2017","","ausgaben","ktn_gdn_ur","CHF","fs"
"3860","","2017","","ausgaben","ktn_gdn_ur","CHF","fs"
"3861","","2017","","ausgaben","ktn_gdn_ur","CHF","fs"
"3862","","2017","","ausgaben","ktn_gdn_ur","CHF","fs"
"3863","","2017","","ausgaben","ktn_gdn_ur","CHF","fs"
"3864","","2017","","ausgaben","ktn_gdn_ur","CHF","fs"
"3865","","2017","","ausgaben","ktn_gdn_ur","CHF","fs"
"3866","","2017","","ausgaben","ktn_gdn_ur","CHF","fs"
"3867","","2017","","ausgaben","ktn_gdn_ur","CHF","fs"
"3868","","2017","","ausgaben","ktn_gdn_ur","CHF","fs"
"500","","2017","10746.5","ausgaben","ktn_gdn_ur","CHF","fs"
"503","","2017","33101744.43","ausgaben","ktn_gdn_ur","CHF","fs"
"504","","2017","29288457.66","ausgaben","ktn_gdn_ur","CHF","fs"
"505","","2017","197138.55","ausgaben","ktn_gdn_ur","CHF","fs"
"506","","2017","2764292.93","ausgaben","ktn_gdn_ur","CHF","fs"
"509","","2017","187947.45","ausgaben","ktn_gdn_ur","CHF","fs"
"510","","2017","","ausgaben","ktn_gdn_ur","CHF","fs"
"513","","2017","311764.4","ausgaben","ktn_gdn_ur","CHF","fs"
"514","","2017","","ausgaben","ktn_gdn_ur","CHF","fs"
"515","","2017","","ausgaben","ktn_gdn_ur","CHF","fs"
"516","","2017","","ausgaben","ktn_gdn_ur","CHF","fs"
"519","","2017","","ausgaben","ktn_gdn_ur","CHF","fs"
"520","","2017","572096.95","ausgaben","ktn_gdn_ur","CHF","fs"
"521","","2017","","ausgaben","ktn_gdn_ur","CHF","fs"
"529","","2017","758488.55","ausgaben","ktn_gdn_ur","CHF","fs"
"530","","2017","","ausgaben","ktn_gdn_ur","CHF","fs"
"531","","2017","","ausgaben","ktn_gdn_ur","CHF","fs"
"532","","2017","","ausgaben","ktn_gdn_ur","CHF","fs"
"533","","2017","","ausgaben","ktn_gdn_ur","CHF","fs"
"534","","2017","","ausgaben","ktn_gdn_ur","CHF","fs"
"535","","2017","","ausgaben","ktn_gdn_ur","CHF","fs"
"536","","2017","","ausgaben","ktn_gdn_ur","CHF","fs"
"537","","2017","","ausgaben","ktn_gdn_ur","CHF","fs"
"538","","2017","","ausgaben","ktn_gdn_ur","CHF","fs"
"540","","2017","334568","ausgaben","ktn_gdn_ur","CHF","fs"
"541","","2017","","ausgaben","ktn_gdn_ur","CHF","fs"
"542","","2017","","ausgaben","ktn_gdn_ur","CHF","fs"
"543","","2017","","ausgaben","ktn_gdn_ur","CHF","fs"
"544","","2017","333341","ausgaben","ktn_gdn_ur","CHF","fs"
"545","","2017","12927443","ausgaben","ktn_gdn_ur","CHF","fs"
"546","","2017","1e+06","ausgaben","ktn_gdn_ur","CHF","fs"
"547","","2017","","ausgaben","ktn_gdn_ur","CHF","fs"
"548","","2017","","ausgaben","ktn_gdn_ur","CHF","fs"
"549","","2017","237100","ausgaben","ktn_gdn_ur","CHF","fs"
"550","","2017","","ausgaben","ktn_gdn_ur","CHF","fs"
"551","","2017","","ausgaben","ktn_gdn_ur","CHF","fs"
"552","","2017","","ausgaben","ktn_gdn_ur","CHF","fs"
"553","","2017","","ausgaben","ktn_gdn_ur","CHF","fs"
"554","","2017","509139","ausgaben","ktn_gdn_ur","CHF","fs"
"555","","2017","1400","ausgaben","ktn_gdn_ur","CHF","fs"
"556","","2017","25000","ausgaben","ktn_gdn_ur","CHF","fs"
"557","","2017","","ausgaben","ktn_gdn_ur","CHF","fs"
"558","","2017","","ausgaben","ktn_gdn_ur","CHF","fs"
"570","","2017","1300000","ausgaben","ktn_gdn_ur","CHF","fs"
"571","","2017","30717.2","ausgaben","ktn_gdn_ur","CHF","fs"
"572","","2017","","ausgaben","ktn_gdn_ur","CHF","fs"
"573","","2017","","ausgaben","ktn_gdn_ur","CHF","fs"
"574","","2017","3549450.7","ausgaben","ktn_gdn_ur","CHF","fs"
"575","","2017","2320600","ausgaben","ktn_gdn_ur","CHF","fs"
"576","","2017","151338.55","ausgaben","ktn_gdn_ur","CHF","fs"
"577","","2017","68576","ausgaben","ktn_gdn_ur","CHF","fs"
"578","","2017","","ausgaben","ktn_gdn_ur","CHF","fs"
"580","","2017","","ausgaben","ktn_gdn_ur","CHF","fs"
"582","","2017","","ausgaben","ktn_gdn_ur","CHF","fs"
"584","","2017","","ausgaben","ktn_gdn_ur","CHF","fs"
"585","","2017","","ausgaben","ktn_gdn_ur","CHF","fs"
"5870","","2017","","ausgaben","ktn_gdn_ur","CHF","fs"
"5871","","2017","","ausgaben","ktn_gdn_ur","CHF","fs"
"5872","","2017","","ausgaben","ktn_gdn_ur","CHF","fs"
"5873","","2017","","ausgaben","ktn_gdn_ur","CHF","fs"
"5874","","2017","","ausgaben","ktn_gdn_ur","CHF","fs"
"5875","","2017","","ausgaben","ktn_gdn_ur","CHF","fs"
"5876","","2017","","ausgaben","ktn_gdn_ur","CHF","fs"
"5877","","2017","","ausgaben","ktn_gdn_ur","CHF","fs"
"5878","","2017","","ausgaben","ktn_gdn_ur","CHF","fs"
"589","","2017","","ausgaben","ktn_gdn_ur","CHF","fs"
"4000","","2017","113154483.05","einnahmen","ktn_gdn_ur","CHF","fs"
"4001","","2017","9909221.25","einnahmen","ktn_gdn_ur","CHF","fs"
"4002","","2017","4838303.8","einnahmen","ktn_gdn_ur","CHF","fs"
"4008","","2017","1352000","einnahmen","ktn_gdn_ur","CHF","fs"
"4009","","2017","303785.3","einnahmen","ktn_gdn_ur","CHF","fs"
"4010","","2017","16378700.8","einnahmen","ktn_gdn_ur","CHF","fs"
"4011","","2017","959103.9","einnahmen","ktn_gdn_ur","CHF","fs"
"4012","","2017","","einnahmen","ktn_gdn_ur","CHF","fs"
"4019","","2017","1153000","einnahmen","ktn_gdn_ur","CHF","fs"
"4020","","2017","","einnahmen","ktn_gdn_ur","CHF","fs"
"4021","","2017","","einnahmen","ktn_gdn_ur","CHF","fs"
"4022","","2017","6913332","einnahmen","ktn_gdn_ur","CHF","fs"
"4023","","2017","","einnahmen","ktn_gdn_ur","CHF","fs"
"4024","","2017","1295290","einnahmen","ktn_gdn_ur","CHF","fs"
"4025","","2017","","einnahmen","ktn_gdn_ur","CHF","fs"
"4030","","2017","10214546","einnahmen","ktn_gdn_ur","CHF","fs"
"4031","","2017","97423","einnahmen","ktn_gdn_ur","CHF","fs"
"4032","","2017","","einnahmen","ktn_gdn_ur","CHF","fs"
"4033","","2017","69000","einnahmen","ktn_gdn_ur","CHF","fs"
"4039","","2017","15464.9","einnahmen","ktn_gdn_ur","CHF","fs"
"4040","","2017","","einnahmen","ktn_gdn_ur","CHF","fs"
"4041","","2017","","einnahmen","ktn_gdn_ur","CHF","fs"
"4042","","2017","","einnahmen","ktn_gdn_ur","CHF","fs"
"4043","","2017","","einnahmen","ktn_gdn_ur","CHF","fs"
"4044","","2017","","einnahmen","ktn_gdn_ur","CHF","fs"
"4045","","2017","","einnahmen","ktn_gdn_ur","CHF","fs"
"4046","","2017","","einnahmen","ktn_gdn_ur","CHF","fs"
"4047","","2017","","einnahmen","ktn_gdn_ur","CHF","fs"
"4049","","2017","","einnahmen","ktn_gdn_ur","CHF","fs"
"4050","","2017","","einnahmen","ktn_gdn_ur","CHF","fs"
"4051","","2017","","einnahmen","ktn_gdn_ur","CHF","fs"
"4052","","2017","","einnahmen","ktn_gdn_ur","CHF","fs"
"4053","","2017","","einnahmen","ktn_gdn_ur","CHF","fs"
"4059","","2017","","einnahmen","ktn_gdn_ur","CHF","fs"
"4060","","2017","","einnahmen","ktn_gdn_ur","CHF","fs"
"4070","","2017","","einnahmen","ktn_gdn_ur","CHF","fs"
"4071","","2017","","einnahmen","ktn_gdn_ur","CHF","fs"
"4072","","2017","","einnahmen","ktn_gdn_ur","CHF","fs"
"4079","","2017","","einnahmen","ktn_gdn_ur","CHF","fs"
"410","","2017","675828.55","einnahmen","ktn_gdn_ur","CHF","fs"
"411","","2017","5010969","einnahmen","ktn_gdn_ur","CHF","fs"
"412","","2017","27690338.6","einnahmen","ktn_gdn_ur","CHF","fs"
"413","","2017","2110371","einnahmen","ktn_gdn_ur","CHF","fs"
"420","","2017","583267.04","einnahmen","ktn_gdn_ur","CHF","fs"
"421","","2017","8925258.39","einnahmen","ktn_gdn_ur","CHF","fs"
"422","","2017","","einnahmen","ktn_gdn_ur","CHF","fs"
"423","","2017","610624","einnahmen","ktn_gdn_ur","CHF","fs"
"424","","2017","7158750.93","einnahmen","ktn_gdn_ur","CHF","fs"
"425","","2017","832559.37","einnahmen","ktn_gdn_ur","CHF","fs"
"426","","2017","9080434.6","einnahmen","ktn_gdn_ur","CHF","fs"
"427","","2017","10545018.34","einnahmen","ktn_gdn_ur","CHF","fs"
"429","","2017","908529.94","einnahmen","ktn_gdn_ur","CHF","fs"
"430","","2017","58539.9","einnahmen","ktn_gdn_ur","CHF","fs"
"431","","2017","539002.71","einnahmen","ktn_gdn_ur","CHF","fs"
"432","","2017","","einnahmen","ktn_gdn_ur","CHF","fs"
"439","","2017","786599.8","einnahmen","ktn_gdn_ur","CHF","fs"
"440","","2017","343781.81","einnahmen","ktn_gdn_ur","CHF","fs"
"441","","2017","9372.61","einnahmen","ktn_gdn_ur","CHF","fs"
"442","","2017","95032.8","einnahmen","ktn_gdn_ur","CHF","fs"
"443","","2017","1464091.5","einnahmen","ktn_gdn_ur","CHF","fs"
"445","","2017","112947","einnahmen","ktn_gdn_ur","CHF","fs"
"446","","2017","8571165.15","einnahmen","ktn_gdn_ur","CHF","fs"
"447","","2017","4533435.47","einnahmen","ktn_gdn_ur","CHF","fs"
"448","","2017","25590","einnahmen","ktn_gdn_ur","CHF","fs"
"449","","2017","696.65","einnahmen","ktn_gdn_ur","CHF","fs"
"46000","","2017","6746091","einnahmen","ktn_gdn_ur","CHF","fs"
"46001","","2017","4101041.64","einnahmen","ktn_gdn_ur","CHF","fs"
"46002","","2017","135394","einnahmen","ktn_gdn_ur","CHF","fs"
"46003","","2017","107688","einnahmen","ktn_gdn_ur","CHF","fs"
"46004","","2017","","einnahmen","ktn_gdn_ur","CHF","fs"
"46005","","2017","5200475.43","einnahmen","ktn_gdn_ur","CHF","fs"
"46006","","2017","","einnahmen","ktn_gdn_ur","CHF","fs"
"46007","","2017","8083","einnahmen","ktn_gdn_ur","CHF","fs"
"46008","","2017","8013682.5","einnahmen","ktn_gdn_ur","CHF","fs"
"46009","","2017","2830","einnahmen","ktn_gdn_ur","CHF","fs"
"46010","","2017","","einnahmen","ktn_gdn_ur","CHF","fs"
"46011","","2017","","einnahmen","ktn_gdn_ur","CHF","fs"
"46012","","2017","","einnahmen","ktn_gdn_ur","CHF","fs"
"46019","","2017","","einnahmen","ktn_gdn_ur","CHF","fs"
"4603","","2017","","einnahmen","ktn_gdn_ur","CHF","fs"
"4604","","2017","","einnahmen","ktn_gdn_ur","CHF","fs"
"4610","","2017","42813110.99","einnahmen","ktn_gdn_ur","CHF","fs"
"4611","","2017","425006.31","einnahmen","ktn_gdn_ur","CHF","fs"
"4612","","2017","","einnahmen","ktn_gdn_ur","CHF","fs"
"4613","","2017","994533.38","einnahmen","ktn_gdn_ur","CHF","fs"
"4614","","2017","424680.25","einnahmen","ktn_gdn_ur","CHF","fs"
"46201","","2017","39756891.83","einnahmen","ktn_gdn_ur","CHF","fs"
"46202","","2017","","einnahmen","ktn_gdn_ur","CHF","fs"
"46203","","2017","11506192.73","einnahmen","ktn_gdn_ur","CHF","fs"
"46204","","2017","","einnahmen","ktn_gdn_ur","CHF","fs"
"46209","","2017","","einnahmen","ktn_gdn_ur","CHF","fs"
"46211","","2017","27043166.71","einnahmen","ktn_gdn_ur","CHF","fs"
"46212","","2017","","einnahmen","ktn_gdn_ur","CHF","fs"
"46213","","2017","","einnahmen","ktn_gdn_ur","CHF","fs"
"46214","","2017","","einnahmen","ktn_gdn_ur","CHF","fs"
"46215","","2017","","einnahmen","ktn_gdn_ur","CHF","fs"
"46216","","2017","","einnahmen","ktn_gdn_ur","CHF","fs"
"46217","","2017","","einnahmen","ktn_gdn_ur","CHF","fs"
"46225","","2017","","einnahmen","ktn_gdn_ur","CHF","fs"
"46226","","2017","","einnahmen","ktn_gdn_ur","CHF","fs"
"46227","","2017","","einnahmen","ktn_gdn_ur","CHF","fs"
"46228","","2017","","einnahmen","ktn_gdn_ur","CHF","fs"
"4624","","2017","","einnahmen","ktn_gdn_ur","CHF","fs"
"4629","","2017","","einnahmen","ktn_gdn_ur","CHF","fs"
"4630","","2017","53214720.52","einnahmen","ktn_gdn_ur","CHF","fs"
"4631","","2017","10446.2","einnahmen","ktn_gdn_ur","CHF","fs"
"4632","","2017","","einnahmen","ktn_gdn_ur","CHF","fs"
"4633","","2017","","einnahmen","ktn_gdn_ur","CHF","fs"
"4634","","2017","856902.4","einnahmen","ktn_gdn_ur","CHF","fs"
"4635","","2017","1244472.61","einnahmen","ktn_gdn_ur","CHF","fs"
"4636","","2017","233600","einnahmen","ktn_gdn_ur","CHF","fs"
"4637","","2017","","einnahmen","ktn_gdn_ur","CHF","fs"
"4638","","2017","","einnahmen","ktn_gdn_ur","CHF","fs"
"469","","2017","108430.81","einnahmen","ktn_gdn_ur","CHF","fs"
"481","","2017","","einnahmen","ktn_gdn_ur","CHF","fs"
"482","","2017","","einnahmen","ktn_gdn_ur","CHF","fs"
"483","","2017","","einnahmen","ktn_gdn_ur","CHF","fs"
"484","","2017","","einnahmen","ktn_gdn_ur","CHF","fs"
"4860","","2017","","einnahmen","ktn_gdn_ur","CHF","fs"
"4861","","2017","","einnahmen","ktn_gdn_ur","CHF","fs"
"4862","","2017","","einnahmen","ktn_gdn_ur","CHF","fs"
"4863","","2017","","einnahmen","ktn_gdn_ur","CHF","fs"
"4864","","2017","","einnahmen","ktn_gdn_ur","CHF","fs"
"4865","","2017","","einnahmen","ktn_gdn_ur","CHF","fs"
"4866","","2017","","einnahmen","ktn_gdn_ur","CHF","fs"
"4867","","2017","","einnahmen","ktn_gdn_ur","CHF","fs"
"4868","","2017","","einnahmen","ktn_gdn_ur","CHF","fs"
"600","","2017","","einnahmen","ktn_gdn_ur","CHF","fs"
"603","","2017","","einnahmen","ktn_gdn_ur","CHF","fs"
"604","","2017","","einnahmen","ktn_gdn_ur","CHF","fs"
"605","","2017","","einnahmen","ktn_gdn_ur","CHF","fs"
"606","","2017","","einnahmen","ktn_gdn_ur","CHF","fs"
"609","","2017","","einnahmen","ktn_gdn_ur","CHF","fs"
"610","","2017","","einnahmen","ktn_gdn_ur","CHF","fs"
"613","","2017","903002.4","einnahmen","ktn_gdn_ur","CHF","fs"
"614","","2017","78472","einnahmen","ktn_gdn_ur","CHF","fs"
"615","","2017","","einnahmen","ktn_gdn_ur","CHF","fs"
"616","","2017","","einnahmen","ktn_gdn_ur","CHF","fs"
"619","","2017","","einnahmen","ktn_gdn_ur","CHF","fs"
"620","","2017","","einnahmen","ktn_gdn_ur","CHF","fs"
"621","","2017","","einnahmen","ktn_gdn_ur","CHF","fs"
"629","","2017","","einnahmen","ktn_gdn_ur","CHF","fs"
"630","","2017","","einnahmen","ktn_gdn_ur","CHF","fs"
"631","","2017","","einnahmen","ktn_gdn_ur","CHF","fs"
"632","","2017","","einnahmen","ktn_gdn_ur","CHF","fs"
"633","","2017","","einnahmen","ktn_gdn_ur","CHF","fs"
"634","","2017","","einnahmen","ktn_gdn_ur","CHF","fs"
"635","","2017","","einnahmen","ktn_gdn_ur","CHF","fs"
"636","","2017","","einnahmen","ktn_gdn_ur","CHF","fs"
"637","","2017","","einnahmen","ktn_gdn_ur","CHF","fs"
"638","","2017","","einnahmen","ktn_gdn_ur","CHF","fs"
"640","","2017","12945443","einnahmen","ktn_gdn_ur","CHF","fs"
"641","","2017","","einnahmen","ktn_gdn_ur","CHF","fs"
"642","","2017","6700","einnahmen","ktn_gdn_ur","CHF","fs"
"643","","2017","","einnahmen","ktn_gdn_ur","CHF","fs"
"644","","2017","190700","einnahmen","ktn_gdn_ur","CHF","fs"
"645","","2017","143868","einnahmen","ktn_gdn_ur","CHF","fs"
"646","","2017","275243","einnahmen","ktn_gdn_ur","CHF","fs"
"647","","2017","","einnahmen","ktn_gdn_ur","CHF","fs"
"648","","2017","","einnahmen","ktn_gdn_ur","CHF","fs"
"649","","2017","332925.65","einnahmen","ktn_gdn_ur","CHF","fs"
"650","","2017","","einnahmen","ktn_gdn_ur","CHF","fs"
"651","","2017","","einnahmen","ktn_gdn_ur","CHF","fs"
"652","","2017","","einnahmen","ktn_gdn_ur","CHF","fs"
"653","","2017","","einnahmen","ktn_gdn_ur","CHF","fs"
"654","","2017","","einnahmen","ktn_gdn_ur","CHF","fs"
"655","","2017","","einnahmen","ktn_gdn_ur","CHF","fs"
"656","","2017","","einnahmen","ktn_gdn_ur","CHF","fs"
"657","","2017","","einnahmen","ktn_gdn_ur","CHF","fs"
"658","","2017","","einnahmen","ktn_gdn_ur","CHF","fs"
"660","","2017","","einnahmen","ktn_gdn_ur","CHF","fs"
"661","","2017","","einnahmen","ktn_gdn_ur","CHF","fs"
"662","","2017","","einnahmen","ktn_gdn_ur","CHF","fs"
"663","","2017","","einnahmen","ktn_gdn_ur","CHF","fs"
"664","","2017","","einnahmen","ktn_gdn_ur","CHF","fs"
"665","","2017","","einnahmen","ktn_gdn_ur","CHF","fs"
"666","","2017","","einnahmen","ktn_gdn_ur","CHF","fs"
"667","","2017","","einnahmen","ktn_gdn_ur","CHF","fs"
"668","","2017","","einnahmen","ktn_gdn_ur","CHF","fs"
"670","","2017","29212799.17","einnahmen","ktn_gdn_ur","CHF","fs"
"671","","2017","28000","einnahmen","ktn_gdn_ur","CHF","fs"
"672","","2017","","einnahmen","ktn_gdn_ur","CHF","fs"
"673","","2017","","einnahmen","ktn_gdn_ur","CHF","fs"
"674","","2017","1459811.85","einnahmen","ktn_gdn_ur","CHF","fs"
"675","","2017","4069424.5","einnahmen","ktn_gdn_ur","CHF","fs"
"676","","2017","305385","einnahmen","ktn_gdn_ur","CHF","fs"
"677","","2017","866892.2","einnahmen","ktn_gdn_ur","CHF","fs"
"678","","2017","","einnahmen","ktn_gdn_ur","CHF","fs"
"680","","2017","","einnahmen","ktn_gdn_ur","CHF","fs"
"682","","2017","","einnahmen","ktn_gdn_ur","CHF","fs"
"684","","2017","","einnahmen","ktn_gdn_ur","CHF","fs"
"685","","2017","","einnahmen","ktn_gdn_ur","CHF","fs"
"686","","2017","","einnahmen","ktn_gdn_ur","CHF","fs"
"6870","","2017","","einnahmen","ktn_gdn_ur","CHF","fs"
"6871","","2017","","einnahmen","ktn_gdn_ur","CHF","fs"
"6872","","2017","","einnahmen","ktn_gdn_ur","CHF","fs"
"6873","","2017","","einnahmen","ktn_gdn_ur","CHF","fs"
"6874","","2017","","einnahmen","ktn_gdn_ur","CHF","fs"
"6875","","2017","","einnahmen","ktn_gdn_ur","CHF","fs"
"6876","","2017","","einnahmen","ktn_gdn_ur","CHF","fs"
"6877","","2017","","einnahmen","ktn_gdn_ur","CHF","fs"
"6878","","2017","","einnahmen","ktn_gdn_ur","CHF","fs"
"689","","2017","","einnahmen","ktn_gdn_ur","CHF","fs"
"","01","2017","5569668.21","ausgaben_funk","ktn_gdn_ur","CHF","fs"
"","02","2017","36765576.64","ausgaben_funk","ktn_gdn_ur","CHF","fs"
"","03","2017","","ausgaben_funk","ktn_gdn_ur","CHF","fs"
"","08","2017","","ausgaben_funk","ktn_gdn_ur","CHF","fs"
"","11","2017","26011203.13","ausgaben_funk","ktn_gdn_ur","CHF","fs"
"","12","2017","4556953.23","ausgaben_funk","ktn_gdn_ur","CHF","fs"
"","13","2017","1741702.8","ausgaben_funk","ktn_gdn_ur","CHF","fs"
"","14","2017","7928022.89","ausgaben_funk","ktn_gdn_ur","CHF","fs"
"","15","2017","2950195.21","ausgaben_funk","ktn_gdn_ur","CHF","fs"
"","16","2017","2681683.58","ausgaben_funk","ktn_gdn_ur","CHF","fs"
"","18","2017","","ausgaben_funk","ktn_gdn_ur","CHF","fs"
"","21","2017","80703830.27","ausgaben_funk","ktn_gdn_ur","CHF","fs"
"","22","2017","7520023.25","ausgaben_funk","ktn_gdn_ur","CHF","fs"
"","23","2017","20852678.95","ausgaben_funk","ktn_gdn_ur","CHF","fs"
"","25","2017","10753556.07","ausgaben_funk","ktn_gdn_ur","CHF","fs"
"","26","2017","2667570","ausgaben_funk","ktn_gdn_ur","CHF","fs"
"","27","2017","10891376.8","ausgaben_funk","ktn_gdn_ur","CHF","fs"
"","28","2017","","ausgaben_funk","ktn_gdn_ur","CHF","fs"
"","29","2017","2673751.82","ausgaben_funk","ktn_gdn_ur","CHF","fs"
"","31","2017","984614.7","ausgaben_funk","ktn_gdn_ur","CHF","fs"
"","32","2017","4389164.92","ausgaben_funk","ktn_gdn_ur","CHF","fs"
"","33","2017","36090","ausgaben_funk","ktn_gdn_ur","CHF","fs"
"","34","2017","6805086.22","ausgaben_funk","ktn_gdn_ur","CHF","fs"
"","35","2017","22000","ausgaben_funk","ktn_gdn_ur","CHF","fs"
"","38","2017","","ausgaben_funk","ktn_gdn_ur","CHF","fs"
"","41","2017","56451770.21","ausgaben_funk","ktn_gdn_ur","CHF","fs"
"","42","2017","4281766.35","ausgaben_funk","ktn_gdn_ur","CHF","fs"
"","43","2017","789298.91","ausgaben_funk","ktn_gdn_ur","CHF","fs"
"","48","2017","","ausgaben_funk","ktn_gdn_ur","CHF","fs"
"","49","2017","2483183.59","ausgaben_funk","ktn_gdn_ur","CHF","fs"
"","51","2017","16187397.6","ausgaben_funk","ktn_gdn_ur","CHF","fs"
"","52","2017","17465490.1","ausgaben_funk","ktn_gdn_ur","CHF","fs"
"","53","2017","14461752.67","ausgaben_funk","ktn_gdn_ur","CHF","fs"
"","54","2017","1557582.55","ausgaben_funk","ktn_gdn_ur","CHF","fs"
"","55","2017","984423.93","ausgaben_funk","ktn_gdn_ur","CHF","fs"
"","56","2017","","ausgaben_funk","ktn_gdn_ur","CHF","fs"
"","57","2017","19428127.21","ausgaben_funk","ktn_gdn_ur","CHF","fs"
"","58","2017","","ausgaben_funk","ktn_gdn_ur","CHF","fs"
"","59","2017","122124.75","ausgaben_funk","ktn_gdn_ur","CHF","fs"
"","61","2017","69891198.27","ausgaben_funk","ktn_gdn_ur","CHF","fs"
"","62","2017","5299523.44","ausgaben_funk","ktn_gdn_ur","CHF","fs"
"","63","2017","349377.1","ausgaben_funk","ktn_gdn_ur","CHF","fs"
"","64","2017","","ausgaben_funk","ktn_gdn_ur","CHF","fs"
"","68","2017","","ausgaben_funk","ktn_gdn_ur","CHF","fs"
"","71","2017","5638607.07","ausgaben_funk","ktn_gdn_ur","CHF","fs"
"","72","2017","3089035.59","ausgaben_funk","ktn_gdn_ur","CHF","fs"
"","73","2017","343546.79","ausgaben_funk","ktn_gdn_ur","CHF","fs"
"","74","2017","13065311.94","ausgaben_funk","ktn_gdn_ur","CHF","fs"
"","75","2017","2927082.28","ausgaben_funk","ktn_gdn_ur","CHF","fs"
"","76","2017","3813922.95","ausgaben_funk","ktn_gdn_ur","CHF","fs"
"","77","2017","2466764.09","ausgaben_funk","ktn_gdn_ur","CHF","fs"
"","78","2017","","ausgaben_funk","ktn_gdn_ur","CHF","fs"
"","79","2017","1825299.2","ausgaben_funk","ktn_gdn_ur","CHF","fs"
"","81","2017","34489505.23","ausgaben_funk","ktn_gdn_ur","CHF","fs"
"","82","2017","2826709.78","ausgaben_funk","ktn_gdn_ur","CHF","fs"
"","83","2017","1500698.68","ausgaben_funk","ktn_gdn_ur","CHF","fs"
"","84","2017","2047854.35","ausgaben_funk","ktn_gdn_ur","CHF","fs"
"","85","2017","15860434.18","ausgaben_funk","ktn_gdn_ur","CHF","fs"
"","86","2017","","ausgaben_funk","ktn_gdn_ur","CHF","fs"
"","87","2017","1239908.75","ausgaben_funk","ktn_gdn_ur","CHF","fs"
"","88","2017","","ausgaben_funk","ktn_gdn_ur","CHF","fs"
"","89","2017","11853.2","ausgaben_funk","ktn_gdn_ur","CHF","fs"
"","91","2017","499887.57","ausgaben_funk","ktn_gdn_ur","CHF","fs"
"","92","2017","","ausgaben_funk","ktn_gdn_ur","CHF","fs"
"","93","2017","516866","ausgaben_funk","ktn_gdn_ur","CHF","fs"
"","94","2017","","ausgaben_funk","ktn_gdn_ur","CHF","fs"
"","95","2017","","ausgaben_funk","ktn_gdn_ur","CHF","fs"
"","96","2017","1501095.53","ausgaben_funk","ktn_gdn_ur","CHF","fs"
"","97","2017","","ausgaben_funk","ktn_gdn_ur","CHF","fs"
"","99","2017","","ausgaben_funk","ktn_gdn_ur","CHF","fs"
"","01","2017","150463.55","einnahmen_funk","ktn_gdn_ur","CHF","fs"
"","02","2017","5047074.31","einnahmen_funk","ktn_gdn_ur","CHF","fs"
"","03","2017","","einnahmen_funk","ktn_gdn_ur","CHF","fs"
"","08","2017","","einnahmen_funk","ktn_gdn_ur","CHF","fs"
"","11","2017","15859926.71","einnahmen_funk","ktn_gdn_ur","CHF","fs"
"","12","2017","7553510.02","einnahmen_funk","ktn_gdn_ur","CHF","fs"
"","13","2017","71296.85","einnahmen_funk","ktn_gdn_ur","CHF","fs"
"","14","2017","4232260.39","einnahmen_funk","ktn_gdn_ur","CHF","fs"
"","15","2017","2156765.4","einnahmen_funk","ktn_gdn_ur","CHF","fs"
"","16","2017","701545.31","einnahmen_funk","ktn_gdn_ur","CHF","fs"
"","18","2017","","einnahmen_funk","ktn_gdn_ur","CHF","fs"
"","21","2017","2227465.31","einnahmen_funk","ktn_gdn_ur","CHF","fs"
"","22","2017","","einnahmen_funk","ktn_gdn_ur","CHF","fs"
"","23","2017","4675103.25","einnahmen_funk","ktn_gdn_ur","CHF","fs"
"","25","2017","400477.5","einnahmen_funk","ktn_gdn_ur","CHF","fs"
"","26","2017","16127","einnahmen_funk","ktn_gdn_ur","CHF","fs"
"","27","2017","424314.65","einnahmen_funk","ktn_gdn_ur","CHF","fs"
"","28","2017","","einnahmen_funk","ktn_gdn_ur","CHF","fs"
"","29","2017","2950.75","einnahmen_funk","ktn_gdn_ur","CHF","fs"
"","31","2017","90976.4","einnahmen_funk","ktn_gdn_ur","CHF","fs"
"","32","2017","108214.46","einnahmen_funk","ktn_gdn_ur","CHF","fs"
"","33","2017","","einnahmen_funk","ktn_gdn_ur","CHF","fs"
"","34","2017","1864002.7","einnahmen_funk","ktn_gdn_ur","CHF","fs"
"","35","2017","","einnahmen_funk","ktn_gdn_ur","CHF","fs"
"","38","2017","","einnahmen_funk","ktn_gdn_ur","CHF","fs"
"","41","2017","2579762.25","einnahmen_funk","ktn_gdn_ur","CHF","fs"
"","42","2017","699874.3","einnahmen_funk","ktn_gdn_ur","CHF","fs"
"","43","2017","240589.7","einnahmen_funk","ktn_gdn_ur","CHF","fs"
"","48","2017","","einnahmen_funk","ktn_gdn_ur","CHF","fs"
"","49","2017","14332.5","einnahmen_funk","ktn_gdn_ur","CHF","fs"
"","51","2017","11292353","einnahmen_funk","ktn_gdn_ur","CHF","fs"
"","52","2017","1539893","einnahmen_funk","ktn_gdn_ur","CHF","fs"
"","53","2017","2518866.8","einnahmen_funk","ktn_gdn_ur","CHF","fs"
"","54","2017","266811.21","einnahmen_funk","ktn_gdn_ur","CHF","fs"
"","55","2017","994533.38","einnahmen_funk","ktn_gdn_ur","CHF","fs"
"","56","2017","","einnahmen_funk","ktn_gdn_ur","CHF","fs"
"","57","2017","11475265.6","einnahmen_funk","ktn_gdn_ur","CHF","fs"
"","58","2017","","einnahmen_funk","ktn_gdn_ur","CHF","fs"
"","59","2017","","einnahmen_funk","ktn_gdn_ur","CHF","fs"
"","61","2017","65964018.67","einnahmen_funk","ktn_gdn_ur","CHF","fs"
"","62","2017","376268.28","einnahmen_funk","ktn_gdn_ur","CHF","fs"
"","63","2017","89393","einnahmen_funk","ktn_gdn_ur","CHF","fs"
"","64","2017","","einnahmen_funk","ktn_gdn_ur","CHF","fs"
"","68","2017","","einnahmen_funk","ktn_gdn_ur","CHF","fs"
"","71","2017","5540401.71","einnahmen_funk","ktn_gdn_ur","CHF","fs"
"","72","2017","41208.55","einnahmen_funk","ktn_gdn_ur","CHF","fs"
"","73","2017","167670.7","einnahmen_funk","ktn_gdn_ur","CHF","fs"
"","74","2017","7204850.36","einnahmen_funk","ktn_gdn_ur","CHF","fs"
"","75","2017","3492540.7","einnahmen_funk","ktn_gdn_ur","CHF","fs"
"","76","2017","3193284","einnahmen_funk","ktn_gdn_ur","CHF","fs"
"","77","2017","505565.65","einnahmen_funk","ktn_gdn_ur","CHF","fs"
"","78","2017","","einnahmen_funk","ktn_gdn_ur","CHF","fs"
"","79","2017","193840.35","einnahmen_funk","ktn_gdn_ur","CHF","fs"
"","81","2017","31367390.43","einnahmen_funk","ktn_gdn_ur","CHF","fs"
"","82","2017","1466131.46","einnahmen_funk","ktn_gdn_ur","CHF","fs"
"","83","2017","1349622.65","einnahmen_funk","ktn_gdn_ur","CHF","fs"
"","84","2017","313409.55","einnahmen_funk","ktn_gdn_ur","CHF","fs"
"","85","2017","13523149.92","einnahmen_funk","ktn_gdn_ur","CHF","fs"
"","86","2017","12497445","einnahmen_funk","ktn_gdn_ur","CHF","fs"
"","87","2017","27286528.45","einnahmen_funk","ktn_gdn_ur","CHF","fs"
"","88","2017","","einnahmen_funk","ktn_gdn_ur","CHF","fs"
"","89","2017","1134776.45","einnahmen_funk","ktn_gdn_ur","CHF","fs"
"","91","2017","166653654","einnahmen_funk","ktn_gdn_ur","CHF","fs"
"","92","2017","","einnahmen_funk","ktn_gdn_ur","CHF","fs"
"","93","2017","78306251.27","einnahmen_funk","ktn_gdn_ur","CHF","fs"
"","94","2017","10993439.64","einnahmen_funk","ktn_gdn_ur","CHF","fs"
"","95","2017","","einnahmen_funk","ktn_gdn_ur","CHF","fs"
"","96","2017","1996566.37","einnahmen_funk","ktn_gdn_ur","CHF","fs"
"","97","2017","105759.08","einnahmen_funk","ktn_gdn_ur","CHF","fs"
"","99","2017","124043.7","einnahmen_funk","ktn_gdn_ur","CHF","fs"
"","01","2017","5569668.21","ord_ausgaben_funk","ktn_gdn_ur","CHF","fs"
"","02","2017","36765576.64","ord_ausgaben_funk","ktn_gdn_ur","CHF","fs"
"","03","2017","","ord_ausgaben_funk","ktn_gdn_ur","CHF","fs"
"","08","2017","","ord_ausgaben_funk","ktn_gdn_ur","CHF","fs"
"","11","2017","26011203.13","ord_ausgaben_funk","ktn_gdn_ur","CHF","fs"
"","12","2017","4556953.23","ord_ausgaben_funk","ktn_gdn_ur","CHF","fs"
"","13","2017","1741702.8","ord_ausgaben_funk","ktn_gdn_ur","CHF","fs"
"","14","2017","7928022.89","ord_ausgaben_funk","ktn_gdn_ur","CHF","fs"
"","15","2017","2945153.96","ord_ausgaben_funk","ktn_gdn_ur","CHF","fs"
"","16","2017","2681683.58","ord_ausgaben_funk","ktn_gdn_ur","CHF","fs"
"","18","2017","","ord_ausgaben_funk","ktn_gdn_ur","CHF","fs"
"","21","2017","80703830.27","ord_ausgaben_funk","ktn_gdn_ur","CHF","fs"
"","22","2017","7520023.25","ord_ausgaben_funk","ktn_gdn_ur","CHF","fs"
"","23","2017","20852678.95","ord_ausgaben_funk","ktn_gdn_ur","CHF","fs"
"","25","2017","10753556.07","ord_ausgaben_funk","ktn_gdn_ur","CHF","fs"
"","26","2017","2667570","ord_ausgaben_funk","ktn_gdn_ur","CHF","fs"
"","27","2017","10891376.8","ord_ausgaben_funk","ktn_gdn_ur","CHF","fs"
"","28","2017","","ord_ausgaben_funk","ktn_gdn_ur","CHF","fs"
"","29","2017","2673751.82","ord_ausgaben_funk","ktn_gdn_ur","CHF","fs"
"","31","2017","984614.7","ord_ausgaben_funk","ktn_gdn_ur","CHF","fs"
"","32","2017","4389164.92","ord_ausgaben_funk","ktn_gdn_ur","CHF","fs"
"","33","2017","36090","ord_ausgaben_funk","ktn_gdn_ur","CHF","fs"
"","34","2017","6805086.22","ord_ausgaben_funk","ktn_gdn_ur","CHF","fs"
"","35","2017","22000","ord_ausgaben_funk","ktn_gdn_ur","CHF","fs"
"","38","2017","","ord_ausgaben_funk","ktn_gdn_ur","CHF","fs"
"","41","2017","56451770.21","ord_ausgaben_funk","ktn_gdn_ur","CHF","fs"
"","42","2017","4281766.35","ord_ausgaben_funk","ktn_gdn_ur","CHF","fs"
"","43","2017","789298.91","ord_ausgaben_funk","ktn_gdn_ur","CHF","fs"
"","48","2017","","ord_ausgaben_funk","ktn_gdn_ur","CHF","fs"
"","49","2017","2483183.59","ord_ausgaben_funk","ktn_gdn_ur","CHF","fs"
"","51","2017","16187397.6","ord_ausgaben_funk","ktn_gdn_ur","CHF","fs"
"","52","2017","17465490.1","ord_ausgaben_funk","ktn_gdn_ur","CHF","fs"
"","53","2017","14461752.67","ord_ausgaben_funk","ktn_gdn_ur","CHF","fs"
"","54","2017","1557582.55","ord_ausgaben_funk","ktn_gdn_ur","CHF","fs"
"","55","2017","984423.93","ord_ausgaben_funk","ktn_gdn_ur","CHF","fs"
"","56","2017","","ord_ausgaben_funk","ktn_gdn_ur","CHF","fs"
"","57","2017","19428127.21","ord_ausgaben_funk","ktn_gdn_ur","CHF","fs"
"","58","2017","","ord_ausgaben_funk","ktn_gdn_ur","CHF","fs"
"","59","2017","122124.75","ord_ausgaben_funk","ktn_gdn_ur","CHF","fs"
"","61","2017","69891198.27","ord_ausgaben_funk","ktn_gdn_ur","CHF","fs"
"","62","2017","5299523.44","ord_ausgaben_funk","ktn_gdn_ur","CHF","fs"
"","63","2017","349377.1","ord_ausgaben_funk","ktn_gdn_ur","CHF","fs"
"","64","2017","","ord_ausgaben_funk","ktn_gdn_ur","CHF","fs"
"","68","2017","","ord_ausgaben_funk","ktn_gdn_ur","CHF","fs"
"","71","2017","5638607.07","ord_ausgaben_funk","ktn_gdn_ur","CHF","fs"
"","72","2017","3089035.59","ord_ausgaben_funk","ktn_gdn_ur","CHF","fs"
"","73","2017","343546.79","ord_ausgaben_funk","ktn_gdn_ur","CHF","fs"
"","74","2017","13065311.94","ord_ausgaben_funk","ktn_gdn_ur","CHF","fs"
"","75","2017","2927082.28","ord_ausgaben_funk","ktn_gdn_ur","CHF","fs"
"","76","2017","3813922.95","ord_ausgaben_funk","ktn_gdn_ur","CHF","fs"
"","77","2017","2466764.09","ord_ausgaben_funk","ktn_gdn_ur","CHF","fs"
"","78","2017","","ord_ausgaben_funk","ktn_gdn_ur","CHF","fs"
"","79","2017","1825299.2","ord_ausgaben_funk","ktn_gdn_ur","CHF","fs"
"","81","2017","34489505.23","ord_ausgaben_funk","ktn_gdn_ur","CHF","fs"
"","82","2017","2794325.38","ord_ausgaben_funk","ktn_gdn_ur","CHF","fs"
"","83","2017","1500698.68","ord_ausgaben_funk","ktn_gdn_ur","CHF","fs"
"","84","2017","2047854.35","ord_ausgaben_funk","ktn_gdn_ur","CHF","fs"
"","85","2017","15860434.18","ord_ausgaben_funk","ktn_gdn_ur","CHF","fs"
"","86","2017","","ord_ausgaben_funk","ktn_gdn_ur","CHF","fs"
"","87","2017","1239908.75","ord_ausgaben_funk","ktn_gdn_ur","CHF","fs"
"","88","2017","","ord_ausgaben_funk","ktn_gdn_ur","CHF","fs"
"","89","2017","11853.2","ord_ausgaben_funk","ktn_gdn_ur","CHF","fs"
"","91","2017","499887.57","ord_ausgaben_funk","ktn_gdn_ur","CHF","fs"
"","92","2017","","ord_ausgaben_funk","ktn_gdn_ur","CHF","fs"
"","93","2017","516866","ord_ausgaben_funk","ktn_gdn_ur","CHF","fs"
"","94","2017","","ord_ausgaben_funk","ktn_gdn_ur","CHF","fs"
"","95","2017","","ord_ausgaben_funk","ktn_gdn_ur","CHF","fs"
"","96","2017","1501095.53","ord_ausgaben_funk","ktn_gdn_ur","CHF","fs"
"","97","2017","","ord_ausgaben_funk","ktn_gdn_ur","CHF","fs"
"","99","2017","","ord_ausgaben_funk","ktn_gdn_ur","CHF","fs"
"","01","2017","150463.55","ord_einnahmen_funk","ktn_gdn_ur","CHF","fs"
"","02","2017","5047074.31","ord_einnahmen_funk","ktn_gdn_ur","CHF","fs"
"","03","2017","","ord_einnahmen_funk","ktn_gdn_ur","CHF","fs"
"","08","2017","","ord_einnahmen_funk","ktn_gdn_ur","CHF","fs"
"","11","2017","15859926.71","ord_einnahmen_funk","ktn_gdn_ur","CHF","fs"
"","12","2017","7553510.02","ord_einnahmen_funk","ktn_gdn_ur","CHF","fs"
"","13","2017","71296.85","ord_einnahmen_funk","ktn_gdn_ur","CHF","fs"
"","14","2017","4232260.39","ord_einnahmen_funk","ktn_gdn_ur","CHF","fs"
"","15","2017","2156765.4","ord_einnahmen_funk","ktn_gdn_ur","CHF","fs"
"","16","2017","701545.31","ord_einnahmen_funk","ktn_gdn_ur","CHF","fs"
"","18","2017","","ord_einnahmen_funk","ktn_gdn_ur","CHF","fs"
"","21","2017","2227465.31","ord_einnahmen_funk","ktn_gdn_ur","CHF","fs"
"","22","2017","","ord_einnahmen_funk","ktn_gdn_ur","CHF","fs"
"","23","2017","4675103.25","ord_einnahmen_funk","ktn_gdn_ur","CHF","fs"
"","25","2017","400477.5","ord_einnahmen_funk","ktn_gdn_ur","CHF","fs"
"","26","2017","16127","ord_einnahmen_funk","ktn_gdn_ur","CHF","fs"
"","27","2017","424314.65","ord_einnahmen_funk","ktn_gdn_ur","CHF","fs"
"","28","2017","","ord_einnahmen_funk","ktn_gdn_ur","CHF","fs"
"","29","2017","2950.75","ord_einnahmen_funk","ktn_gdn_ur","CHF","fs"
"","31","2017","90976.4","ord_einnahmen_funk","ktn_gdn_ur","CHF","fs"
"","32","2017","108214.46","ord_einnahmen_funk","ktn_gdn_ur","CHF","fs"
"","33","2017","","ord_einnahmen_funk","ktn_gdn_ur","CHF","fs"
"","34","2017","1864002.7","ord_einnahmen_funk","ktn_gdn_ur","CHF","fs"
"","35","2017","","ord_einnahmen_funk","ktn_gdn_ur","CHF","fs"
"","38","2017","","ord_einnahmen_funk","ktn_gdn_ur","CHF","fs"
"","41","2017","2579762.25","ord_einnahmen_funk","ktn_gdn_ur","CHF","fs"
"","42","2017","699874.3","ord_einnahmen_funk","ktn_gdn_ur","CHF","fs"
"","43","2017","240589.7","ord_einnahmen_funk","ktn_gdn_ur","CHF","fs"
"","48","2017","","ord_einnahmen_funk","ktn_gdn_ur","CHF","fs"
"","49","2017","14332.5","ord_einnahmen_funk","ktn_gdn_ur","CHF","fs"
"","51","2017","11292353","ord_einnahmen_funk","ktn_gdn_ur","CHF","fs"
"","52","2017","1539893","ord_einnahmen_funk","ktn_gdn_ur","CHF","fs"
"","53","2017","2518866.8","ord_einnahmen_funk","ktn_gdn_ur","CHF","fs"
"","54","2017","266811.21","ord_einnahmen_funk","ktn_gdn_ur","CHF","fs"
"","55","2017","994533.38","ord_einnahmen_funk","ktn_gdn_ur","CHF","fs"
"","56","2017","","ord_einnahmen_funk","ktn_gdn_ur","CHF","fs"
"","57","2017","11475265.6","ord_einnahmen_funk","ktn_gdn_ur","CHF","fs"
"","58","2017","","ord_einnahmen_funk","ktn_gdn_ur","CHF","fs"
"","59","2017","","ord_einnahmen_funk","ktn_gdn_ur","CHF","fs"
"","61","2017","65964018.67","ord_einnahmen_funk","ktn_gdn_ur","CHF","fs"
"","62","2017","376268.28","ord_einnahmen_funk","ktn_gdn_ur","CHF","fs"
"","63","2017","89393","ord_einnahmen_funk","ktn_gdn_ur","CHF","fs"
"","64","2017","","ord_einnahmen_funk","ktn_gdn_ur","CHF","fs"
"","68","2017","","ord_einnahmen_funk","ktn_gdn_ur","CHF","fs"
"","71","2017","5540401.71","ord_einnahmen_funk","ktn_gdn_ur","CHF","fs"
"","72","2017","41208.55","ord_einnahmen_funk","ktn_gdn_ur","CHF","fs"
"","73","2017","167670.7","ord_einnahmen_funk","ktn_gdn_ur","CHF","fs"
"","74","2017","7204850.36","ord_einnahmen_funk","ktn_gdn_ur","CHF","fs"
"","75","2017","3492540.7","ord_einnahmen_funk","ktn_gdn_ur","CHF","fs"
"","76","2017","3193284","ord_einnahmen_funk","ktn_gdn_ur","CHF","fs"
"","77","2017","505565.65","ord_einnahmen_funk","ktn_gdn_ur","CHF","fs"
"","78","2017","","ord_einnahmen_funk","ktn_gdn_ur","CHF","fs"
"","79","2017","193840.35","ord_einnahmen_funk","ktn_gdn_ur","CHF","fs"
"","81","2017","31367390.43","ord_einnahmen_funk","ktn_gdn_ur","CHF","fs"
"","82","2017","1466131.46","ord_einnahmen_funk","ktn_gdn_ur","CHF","fs"
"","83","2017","1349622.65","ord_einnahmen_funk","ktn_gdn_ur","CHF","fs"
"","84","2017","313409.55","ord_einnahmen_funk","ktn_gdn_ur","CHF","fs"
"","85","2017","13523149.92","ord_einnahmen_funk","ktn_gdn_ur","CHF","fs"
"","86","2017","12497445","ord_einnahmen_funk","ktn_gdn_ur","CHF","fs"
"","87","2017","27286528.45","ord_einnahmen_funk","ktn_gdn_ur","CHF","fs"
"","88","2017","","ord_einnahmen_funk","ktn_gdn_ur","CHF","fs"
"","89","2017","1134776.45","ord_einnahmen_funk","ktn_gdn_ur","CHF","fs"
"","91","2017","166653654","ord_einnahmen_funk","ktn_gdn_ur","CHF","fs"
"","92","2017","","ord_einnahmen_funk","ktn_gdn_ur","CHF","fs"
"","93","2017","78306251.27","ord_einnahmen_funk","ktn_gdn_ur","CHF","fs"
"","94","2017","10993439.64","ord_einnahmen_funk","ktn_gdn_ur","CHF","fs"
"","95","2017","","ord_einnahmen_funk","ktn_gdn_ur","CHF","fs"
"","96","2017","1996566.37","ord_einnahmen_funk","ktn_gdn_ur","CHF","fs"
"","97","2017","105759.08","ord_einnahmen_funk","ktn_gdn_ur","CHF","fs"
"","99","2017","124043.7","ord_einnahmen_funk","ktn_gdn_ur","CHF","fs"