"arten","funk","jahr","value","dim","hh","unit","model"
"100","","2015","29681750","bilanz","ktn_ai","CHF","fs"
"101","","2015","39724123","bilanz","ktn_ai","CHF","fs"
"102","","2015","3.2e+07","bilanz","ktn_ai","CHF","fs"
"104","","2015","3496316","bilanz","ktn_ai","CHF","fs"
"106","","2015","194819","bilanz","ktn_ai","CHF","fs"
"107","","2015","29436033","bilanz","ktn_ai","CHF","fs"
"108","","2015","13622700","bilanz","ktn_ai","CHF","fs"
"109","","2015","","bilanz","ktn_ai","CHF","fs"
"140","","2015","6200935","bilanz","ktn_ai","CHF","fs"
"141","","2015","","bilanz","ktn_ai","CHF","fs"
"142","","2015","","bilanz","ktn_ai","CHF","fs"
"143","","2015","","bilanz","ktn_ai","CHF","fs"
"144","","2015","30418428","bilanz","ktn_ai","CHF","fs"
"145","","2015","1725956","bilanz","ktn_ai","CHF","fs"
"146","","2015","1800000","bilanz","ktn_ai","CHF","fs"
"147","","2015","","bilanz","ktn_ai","CHF","fs"
"148","","2015","-2107628","bilanz","ktn_ai","CHF","fs"
"200","","2015","28317914","bilanz","ktn_ai","CHF","fs"
"201","","2015","625000","bilanz","ktn_ai","CHF","fs"
"204","","2015","5251831","bilanz","ktn_ai","CHF","fs"
"205","","2015","","bilanz","ktn_ai","CHF","fs"
"206","","2015","27747935","bilanz","ktn_ai","CHF","fs"
"207","","2015","","bilanz","ktn_ai","CHF","fs"
"208","","2015","320000","bilanz","ktn_ai","CHF","fs"
"209","","2015","1999875","bilanz","ktn_ai","CHF","fs"
"290","","2015","30618757","bilanz","ktn_ai","CHF","fs"
"292","","2015","","bilanz","ktn_ai","CHF","fs"
"293","","2015","11972174","bilanz","ktn_ai","CHF","fs"
"294","","2015","","bilanz","ktn_ai","CHF","fs"
"295","","2015","","bilanz","ktn_ai","CHF","fs"
"296","","2015","11822693","bilanz","ktn_ai","CHF","fs"
"298","","2015","","bilanz","ktn_ai","CHF","fs"
"299","","2015","67517253","bilanz","ktn_ai","CHF","fs"
"empty","","2015","","er","ktn_ai","CHF","fs"
"empty","","2015","","er","ktn_ai","CHF","fs"
"empty","","2015","","er","ktn_ai","CHF","fs"
"empty","","2015","","er","ktn_ai","CHF","fs"
"300","","2015","1015948","aufwand","ktn_ai","CHF","fs"
"301","","2015","18056143.19","aufwand","ktn_ai","CHF","fs"
"302","","2015","5199848","aufwand","ktn_ai","CHF","fs"
"303","","2015","","aufwand","ktn_ai","CHF","fs"
"304","","2015","39651","aufwand","ktn_ai","CHF","fs"
"305","","2015","4466092.75","aufwand","ktn_ai","CHF","fs"
"306","","2015","19280","aufwand","ktn_ai","CHF","fs"
"309","","2015","367158","aufwand","ktn_ai","CHF","fs"
"310","","2015","2375590.11","aufwand","ktn_ai","CHF","fs"
"311","","2015","1191239.98","aufwand","ktn_ai","CHF","fs"
"312","","2015","506007","aufwand","ktn_ai","CHF","fs"
"313","","2015","4754372.65","aufwand","ktn_ai","CHF","fs"
"314","","2015","2578989","aufwand","ktn_ai","CHF","fs"
"315","","2015","413686.66","aufwand","ktn_ai","CHF","fs"
"316","","2015","729267.25","aufwand","ktn_ai","CHF","fs"
"317","","2015","325045.85","aufwand","ktn_ai","CHF","fs"
"318","","2015","551092","aufwand","ktn_ai","CHF","fs"
"319","","2015","563783.35","aufwand","ktn_ai","CHF","fs"
"320","","2015","","aufwand","ktn_ai","CHF","fs"
"331","","2015","","aufwand","ktn_ai","CHF","fs"
"337","","2015","489853","aufwand","ktn_ai","CHF","fs"
"338","","2015","","aufwand","ktn_ai","CHF","fs"
"340","","2015","","aufwand","ktn_ai","CHF","fs"
"341","","2015","","aufwand","ktn_ai","CHF","fs"
"342","","2015","","aufwand","ktn_ai","CHF","fs"
"343","","2015","56392","aufwand","ktn_ai","CHF","fs"
"344","","2015","","aufwand","ktn_ai","CHF","fs"
"349","","2015","","aufwand","ktn_ai","CHF","fs"
"350","","2015","133454","aufwand","ktn_ai","CHF","fs"
"351","","2015","1333368","aufwand","ktn_ai","CHF","fs"
"352","","2015","","aufwand","ktn_ai","CHF","fs"
"3600","","2015","","aufwand","ktn_ai","CHF","fs"
"36010","","2015","","aufwand","ktn_ai","CHF","fs"
"36011","","2015","","aufwand","ktn_ai","CHF","fs"
"36012","","2015","","aufwand","ktn_ai","CHF","fs"
"36013","","2015","","aufwand","ktn_ai","CHF","fs"
"36014","","2015","","aufwand","ktn_ai","CHF","fs"
"36015","","2015","","aufwand","ktn_ai","CHF","fs"
"36016","","2015","","aufwand","ktn_ai","CHF","fs"
"36017","","2015","","aufwand","ktn_ai","CHF","fs"
"36018","","2015","","aufwand","ktn_ai","CHF","fs"
"36019","","2015","","aufwand","ktn_ai","CHF","fs"
"36021","","2015","273404","aufwand","ktn_ai","CHF","fs"
"36022","","2015","","aufwand","ktn_ai","CHF","fs"
"36023","","2015","","aufwand","ktn_ai","CHF","fs"
"36029","","2015","","aufwand","ktn_ai","CHF","fs"
"3603","","2015","","aufwand","ktn_ai","CHF","fs"
"3604","","2015","","aufwand","ktn_ai","CHF","fs"
"3610","","2015","","aufwand","ktn_ai","CHF","fs"
"3611","","2015","4770415","aufwand","ktn_ai","CHF","fs"
"3612","","2015","105000","aufwand","ktn_ai","CHF","fs"
"3613","","2015","","aufwand","ktn_ai","CHF","fs"
"3614","","2015","","aufwand","ktn_ai","CHF","fs"
"3620","","2015","","aufwand","ktn_ai","CHF","fs"
"36211","","2015","","aufwand","ktn_ai","CHF","fs"
"36212","","2015","","aufwand","ktn_ai","CHF","fs"
"36213","","2015","","aufwand","ktn_ai","CHF","fs"
"36214","","2015","242727","aufwand","ktn_ai","CHF","fs"
"36215","","2015","","aufwand","ktn_ai","CHF","fs"
"36216","","2015","","aufwand","ktn_ai","CHF","fs"
"36217","","2015","","aufwand","ktn_ai","CHF","fs"
"36219","","2015","","aufwand","ktn_ai","CHF","fs"
"36221","","2015","","aufwand","ktn_ai","CHF","fs"
"36222","","2015","","aufwand","ktn_ai","CHF","fs"
"36223","","2015","","aufwand","ktn_ai","CHF","fs"
"36224","","2015","","aufwand","ktn_ai","CHF","fs"
"36225","","2015","4006195","aufwand","ktn_ai","CHF","fs"
"36226","","2015","","aufwand","ktn_ai","CHF","fs"
"36227","","2015","","aufwand","ktn_ai","CHF","fs"
"36228","","2015","","aufwand","ktn_ai","CHF","fs"
"3624","","2015","","aufwand","ktn_ai","CHF","fs"
"3629","","2015","","aufwand","ktn_ai","CHF","fs"
"3630","","2015","","aufwand","ktn_ai","CHF","fs"
"3631","","2015","6261461","aufwand","ktn_ai","CHF","fs"
"3632","","2015","3945770","aufwand","ktn_ai","CHF","fs"
"3633","","2015","559528.5","aufwand","ktn_ai","CHF","fs"
"3634","","2015","21099102","aufwand","ktn_ai","CHF","fs"
"3635","","2015","25522104","aufwand","ktn_ai","CHF","fs"
"3636","","2015","10060039","aufwand","ktn_ai","CHF","fs"
"3637","","2015","15109037","aufwand","ktn_ai","CHF","fs"
"3638","","2015","","aufwand","ktn_ai","CHF","fs"
"3639","","2015","679740","aufwand","ktn_ai","CHF","fs"
"364","","2015","","aufwand","ktn_ai","CHF","fs"
"365","","2015","71999","aufwand","ktn_ai","CHF","fs"
"366","","2015","48078","aufwand","ktn_ai","CHF","fs"
"369","","2015","","aufwand","ktn_ai","CHF","fs"
"380","","2015","","aufwand","ktn_ai","CHF","fs"
"381","","2015","","aufwand","ktn_ai","CHF","fs"
"383","","2015","2107628","aufwand","ktn_ai","CHF","fs"
"384","","2015","","aufwand","ktn_ai","CHF","fs"
"3860","","2015","","aufwand","ktn_ai","CHF","fs"
"3861","","2015","","aufwand","ktn_ai","CHF","fs"
"3862","","2015","","aufwand","ktn_ai","CHF","fs"
"3863","","2015","","aufwand","ktn_ai","CHF","fs"
"3864","","2015","","aufwand","ktn_ai","CHF","fs"
"3865","","2015","","aufwand","ktn_ai","CHF","fs"
"3866","","2015","","aufwand","ktn_ai","CHF","fs"
"3867","","2015","","aufwand","ktn_ai","CHF","fs"
"3868","","2015","","aufwand","ktn_ai","CHF","fs"
"387","","2015","","aufwand","ktn_ai","CHF","fs"
"389","","2015","4300000","aufwand","ktn_ai","CHF","fs"
"4000","","2015","30336038","ertrag","ktn_ai","CHF","fs"
"4001","","2015","5968522","ertrag","ktn_ai","CHF","fs"
"4002","","2015","1325494","ertrag","ktn_ai","CHF","fs"
"4008","","2015","","ertrag","ktn_ai","CHF","fs"
"4009","","2015","","ertrag","ktn_ai","CHF","fs"
"4010","","2015","2208909","ertrag","ktn_ai","CHF","fs"
"4011","","2015","222959","ertrag","ktn_ai","CHF","fs"
"4012","","2015","","ertrag","ktn_ai","CHF","fs"
"4019","","2015","","ertrag","ktn_ai","CHF","fs"
"4020","","2015","","ertrag","ktn_ai","CHF","fs"
"4021","","2015","","ertrag","ktn_ai","CHF","fs"
"4022","","2015","3175425","ertrag","ktn_ai","CHF","fs"
"4023","","2015","1367020","ertrag","ktn_ai","CHF","fs"
"4024","","2015","1754504","ertrag","ktn_ai","CHF","fs"
"4025","","2015","","ertrag","ktn_ai","CHF","fs"
"4030","","2015","5927189","ertrag","ktn_ai","CHF","fs"
"4031","","2015","","ertrag","ktn_ai","CHF","fs"
"4032","","2015","","ertrag","ktn_ai","CHF","fs"
"4033","","2015","","ertrag","ktn_ai","CHF","fs"
"4039","","2015","521682","ertrag","ktn_ai","CHF","fs"
"4040","","2015","","ertrag","ktn_ai","CHF","fs"
"4041","","2015","","ertrag","ktn_ai","CHF","fs"
"4042","","2015","","ertrag","ktn_ai","CHF","fs"
"4043","","2015","","ertrag","ktn_ai","CHF","fs"
"4044","","2015","","ertrag","ktn_ai","CHF","fs"
"4045","","2015","","ertrag","ktn_ai","CHF","fs"
"4046","","2015","","ertrag","ktn_ai","CHF","fs"
"4047","","2015","","ertrag","ktn_ai","CHF","fs"
"4049","","2015","","ertrag","ktn_ai","CHF","fs"
"4050","","2015","","ertrag","ktn_ai","CHF","fs"
"4051","","2015","","ertrag","ktn_ai","CHF","fs"
"4052","","2015","","ertrag","ktn_ai","CHF","fs"
"4053","","2015","","ertrag","ktn_ai","CHF","fs"
"4059","","2015","","ertrag","ktn_ai","CHF","fs"
"4060","","2015","","ertrag","ktn_ai","CHF","fs"
"4070","","2015","","ertrag","ktn_ai","CHF","fs"
"4071","","2015","","ertrag","ktn_ai","CHF","fs"
"4072","","2015","","ertrag","ktn_ai","CHF","fs"
"4079","","2015","","ertrag","ktn_ai","CHF","fs"
"410","","2015","154415","ertrag","ktn_ai","CHF","fs"
"411","","2015","2595595","ertrag","ktn_ai","CHF","fs"
"412","","2015","300","ertrag","ktn_ai","CHF","fs"
"413","","2015","907745","ertrag","ktn_ai","CHF","fs"
"420","","2015","133454","ertrag","ktn_ai","CHF","fs"
"421","","2015","4629850","ertrag","ktn_ai","CHF","fs"
"422","","2015","","ertrag","ktn_ai","CHF","fs"
"423","","2015","410102","ertrag","ktn_ai","CHF","fs"
"424","","2015","1913442","ertrag","ktn_ai","CHF","fs"
"425","","2015","386020","ertrag","ktn_ai","CHF","fs"
"426","","2015","2582444.05","ertrag","ktn_ai","CHF","fs"
"427","","2015","405388","ertrag","ktn_ai","CHF","fs"
"429","","2015","104930","ertrag","ktn_ai","CHF","fs"
"430","","2015","3423","ertrag","ktn_ai","CHF","fs"
"431","","2015","53702","ertrag","ktn_ai","CHF","fs"
"432","","2015","","ertrag","ktn_ai","CHF","fs"
"439","","2015","216839","ertrag","ktn_ai","CHF","fs"
"440","","2015","247226","ertrag","ktn_ai","CHF","fs"
"441","","2015","438400","ertrag","ktn_ai","CHF","fs"
"442","","2015","","ertrag","ktn_ai","CHF","fs"
"443","","2015","177764","ertrag","ktn_ai","CHF","fs"
"444","","2015","","ertrag","ktn_ai","CHF","fs"
"445","","2015","500","ertrag","ktn_ai","CHF","fs"
"446","","2015","8161731","ertrag","ktn_ai","CHF","fs"
"447","","2015","2643484","ertrag","ktn_ai","CHF","fs"
"448","","2015","42975","ertrag","ktn_ai","CHF","fs"
"449","","2015","","ertrag","ktn_ai","CHF","fs"
"450","","2015","","ertrag","ktn_ai","CHF","fs"
"451","","2015","341751","ertrag","ktn_ai","CHF","fs"
"452","","2015","","ertrag","ktn_ai","CHF","fs"
"46000","","2015","4259661","ertrag","ktn_ai","CHF","fs"
"46001","","2015","1240761","ertrag","ktn_ai","CHF","fs"
"46002","","2015","80948","ertrag","ktn_ai","CHF","fs"
"46003","","2015","49553","ertrag","ktn_ai","CHF","fs"
"46004","","2015","","ertrag","ktn_ai","CHF","fs"
"46005","","2015","2525560.75","ertrag","ktn_ai","CHF","fs"
"46006","","2015","","ertrag","ktn_ai","CHF","fs"
"46007","","2015","15362","ertrag","ktn_ai","CHF","fs"
"46008","","2015","1454655.5","ertrag","ktn_ai","CHF","fs"
"46009","","2015","4822","ertrag","ktn_ai","CHF","fs"
"46010","","2015","","ertrag","ktn_ai","CHF","fs"
"46011","","2015","","ertrag","ktn_ai","CHF","fs"
"46012","","2015","","ertrag","ktn_ai","CHF","fs"
"46019","","2015","","ertrag","ktn_ai","CHF","fs"
"4603","","2015","","ertrag","ktn_ai","CHF","fs"
"4604","","2015","","ertrag","ktn_ai","CHF","fs"
"4610","","2015","3278549","ertrag","ktn_ai","CHF","fs"
"4611","","2015","493751","ertrag","ktn_ai","CHF","fs"
"4612","","2015","707695.95","ertrag","ktn_ai","CHF","fs"
"4613","","2015","233066.8","ertrag","ktn_ai","CHF","fs"
"4614","","2015","8000","ertrag","ktn_ai","CHF","fs"
"46201","","2015","5888225.27","ertrag","ktn_ai","CHF","fs"
"46202","","2015","","ertrag","ktn_ai","CHF","fs"
"46203","","2015","8436098.89","ertrag","ktn_ai","CHF","fs"
"46204","","2015","","ertrag","ktn_ai","CHF","fs"
"46209","","2015","","ertrag","ktn_ai","CHF","fs"
"46211","","2015","4021162.8","ertrag","ktn_ai","CHF","fs"
"46212","","2015","","ertrag","ktn_ai","CHF","fs"
"46213","","2015","","ertrag","ktn_ai","CHF","fs"
"46214","","2015","","ertrag","ktn_ai","CHF","fs"
"46215","","2015","","ertrag","ktn_ai","CHF","fs"
"46216","","2015","","ertrag","ktn_ai","CHF","fs"
"46217","","2015","","ertrag","ktn_ai","CHF","fs"
"46225","","2015","","ertrag","ktn_ai","CHF","fs"
"46226","","2015","","ertrag","ktn_ai","CHF","fs"
"46227","","2015","","ertrag","ktn_ai","CHF","fs"
"46228","","2015","","ertrag","ktn_ai","CHF","fs"
"4624","","2015","","ertrag","ktn_ai","CHF","fs"
"4629","","2015","","ertrag","ktn_ai","CHF","fs"
"4630","","2015","30602831","ertrag","ktn_ai","CHF","fs"
"4631","","2015","63304","ertrag","ktn_ai","CHF","fs"
"4632","","2015","3063909","ertrag","ktn_ai","CHF","fs"
"4633","","2015","","ertrag","ktn_ai","CHF","fs"
"4634","","2015","604556","ertrag","ktn_ai","CHF","fs"
"4635","","2015","163167","ertrag","ktn_ai","CHF","fs"
"4636","","2015","10073","ertrag","ktn_ai","CHF","fs"
"4637","","2015","","ertrag","ktn_ai","CHF","fs"
"4638","","2015","","ertrag","ktn_ai","CHF","fs"
"466","","2015","","ertrag","ktn_ai","CHF","fs"
"469","","2015","13419","ertrag","ktn_ai","CHF","fs"
"481","","2015","","ertrag","ktn_ai","CHF","fs"
"482","","2015","","ertrag","ktn_ai","CHF","fs"
"483","","2015","113551","ertrag","ktn_ai","CHF","fs"
"484","","2015","","ertrag","ktn_ai","CHF","fs"
"485","","2015","","ertrag","ktn_ai","CHF","fs"
"4860","","2015","","ertrag","ktn_ai","CHF","fs"
"4861","","2015","","ertrag","ktn_ai","CHF","fs"
"4862","","2015","","ertrag","ktn_ai","CHF","fs"
"4863","","2015","","ertrag","ktn_ai","CHF","fs"
"4864","","2015","","ertrag","ktn_ai","CHF","fs"
"4865","","2015","","ertrag","ktn_ai","CHF","fs"
"4866","","2015","","ertrag","ktn_ai","CHF","fs"
"4867","","2015","","ertrag","ktn_ai","CHF","fs"
"4868","","2015","","ertrag","ktn_ai","CHF","fs"
"4870","","2015","","ertrag","ktn_ai","CHF","fs"
"489","","2015","52021","ertrag","ktn_ai","CHF","fs"
"empty","","2015","","fir","ktn_ai","CHF","fs"
"empty","","2015","","fir","ktn_ai","CHF","fs"
"empty","","2015","","fir","ktn_ai","CHF","fs"
"empty","","2015","","fir","ktn_ai","CHF","fs"
"empty","","2015","","fir","ktn_ai","CHF","fs"
"300","","2015","1015948","ausgaben","ktn_ai","CHF","fs"
"301","","2015","18056143.19","ausgaben","ktn_ai","CHF","fs"
"302","","2015","5199848","ausgaben","ktn_ai","CHF","fs"
"303","","2015","","ausgaben","ktn_ai","CHF","fs"
"304","","2015","39651","ausgaben","ktn_ai","CHF","fs"
"305","","2015","4466092.75","ausgaben","ktn_ai","CHF","fs"
"306","","2015","19280","ausgaben","ktn_ai","CHF","fs"
"309","","2015","367158","ausgaben","ktn_ai","CHF","fs"
"310","","2015","2375590.11","ausgaben","ktn_ai","CHF","fs"
"311","","2015","1191239.98","ausgaben","ktn_ai","CHF","fs"
"312","","2015","506007","ausgaben","ktn_ai","CHF","fs"
"313","","2015","4754372.65","ausgaben","ktn_ai","CHF","fs"
"314","","2015","2578989","ausgaben","ktn_ai","CHF","fs"
"315","","2015","413686.66","ausgaben","ktn_ai","CHF","fs"
"316","","2015","729267.25","ausgaben","ktn_ai","CHF","fs"
"317","","2015","325045.85","ausgaben","ktn_ai","CHF","fs"
"318","","2015","29532","ausgaben","ktn_ai","CHF","fs"
"319","","2015","563783.35","ausgaben","ktn_ai","CHF","fs"
"320","","2015","","ausgaben","ktn_ai","CHF","fs"
"340","","2015","","ausgaben","ktn_ai","CHF","fs"
"341","","2015","","ausgaben","ktn_ai","CHF","fs"
"342","","2015","","ausgaben","ktn_ai","CHF","fs"
"343","","2015","56392","ausgaben","ktn_ai","CHF","fs"
"349","","2015","","ausgaben","ktn_ai","CHF","fs"
"3600","","2015","","ausgaben","ktn_ai","CHF","fs"
"36010","","2015","","ausgaben","ktn_ai","CHF","fs"
"36011","","2015","","ausgaben","ktn_ai","CHF","fs"
"36012","","2015","","ausgaben","ktn_ai","CHF","fs"
"36013","","2015","","ausgaben","ktn_ai","CHF","fs"
"36014","","2015","","ausgaben","ktn_ai","CHF","fs"
"36015","","2015","","ausgaben","ktn_ai","CHF","fs"
"36016","","2015","","ausgaben","ktn_ai","CHF","fs"
"36017","","2015","","ausgaben","ktn_ai","CHF","fs"
"36018","","2015","","ausgaben","ktn_ai","CHF","fs"
"36019","","2015","","ausgaben","ktn_ai","CHF","fs"
"36021","","2015","273404","ausgaben","ktn_ai","CHF","fs"
"36022","","2015","","ausgaben","ktn_ai","CHF","fs"
"36023","","2015","","ausgaben","ktn_ai","CHF","fs"
"36029","","2015","","ausgaben","ktn_ai","CHF","fs"
"3603","","2015","","ausgaben","ktn_ai","CHF","fs"
"3604","","2015","","ausgaben","ktn_ai","CHF","fs"
"3610","","2015","","ausgaben","ktn_ai","CHF","fs"
"3611","","2015","4770415","ausgaben","ktn_ai","CHF","fs"
"3612","","2015","105000","ausgaben","ktn_ai","CHF","fs"
"3613","","2015","","ausgaben","ktn_ai","CHF","fs"
"3614","","2015","","ausgaben","ktn_ai","CHF","fs"
"3620","","2015","","ausgaben","ktn_ai","CHF","fs"
"36211","","2015","","ausgaben","ktn_ai","CHF","fs"
"36212","","2015","","ausgaben","ktn_ai","CHF","fs"
"36213","","2015","","ausgaben","ktn_ai","CHF","fs"
"36214","","2015","242727","ausgaben","ktn_ai","CHF","fs"
"36215","","2015","","ausgaben","ktn_ai","CHF","fs"
"36216","","2015","","ausgaben","ktn_ai","CHF","fs"
"36217","","2015","","ausgaben","ktn_ai","CHF","fs"
"36219","","2015","","ausgaben","ktn_ai","CHF","fs"
"36221","","2015","","ausgaben","ktn_ai","CHF","fs"
"36222","","2015","","ausgaben","ktn_ai","CHF","fs"
"36223","","2015","","ausgaben","ktn_ai","CHF","fs"
"36224","","2015","","ausgaben","ktn_ai","CHF","fs"
"36225","","2015","4006195","ausgaben","ktn_ai","CHF","fs"
"36226","","2015","","ausgaben","ktn_ai","CHF","fs"
"36227","","2015","","ausgaben","ktn_ai","CHF","fs"
"36228","","2015","","ausgaben","ktn_ai","CHF","fs"
"3624","","2015","","ausgaben","ktn_ai","CHF","fs"
"3629","","2015","","ausgaben","ktn_ai","CHF","fs"
"3630","","2015","","ausgaben","ktn_ai","CHF","fs"
"3631","","2015","6261461","ausgaben","ktn_ai","CHF","fs"
"3632","","2015","3945770","ausgaben","ktn_ai","CHF","fs"
"3633","","2015","559528.5","ausgaben","ktn_ai","CHF","fs"
"3634","","2015","21099102","ausgaben","ktn_ai","CHF","fs"
"3635","","2015","25522104","ausgaben","ktn_ai","CHF","fs"
"3636","","2015","10060039","ausgaben","ktn_ai","CHF","fs"
"3637","","2015","15109037","ausgaben","ktn_ai","CHF","fs"
"3638","","2015","","ausgaben","ktn_ai","CHF","fs"
"3639","","2015","679740","ausgaben","ktn_ai","CHF","fs"
"369","","2015","","ausgaben","ktn_ai","CHF","fs"
"380","","2015","","ausgaben","ktn_ai","CHF","fs"
"381","","2015","","ausgaben","ktn_ai","CHF","fs"
"384","","2015","","ausgaben","ktn_ai","CHF","fs"
"3860","","2015","","ausgaben","ktn_ai","CHF","fs"
"3861","","2015","","ausgaben","ktn_ai","CHF","fs"
"3862","","2015","","ausgaben","ktn_ai","CHF","fs"
"3863","","2015","","ausgaben","ktn_ai","CHF","fs"
"3864","","2015","","ausgaben","ktn_ai","CHF","fs"
"3865","","2015","","ausgaben","ktn_ai","CHF","fs"
"3866","","2015","","ausgaben","ktn_ai","CHF","fs"
"3867","","2015","","ausgaben","ktn_ai","CHF","fs"
"3868","","2015","","ausgaben","ktn_ai","CHF","fs"
"500","","2015","","ausgaben","ktn_ai","CHF","fs"
"503","","2015","3098948","ausgaben","ktn_ai","CHF","fs"
"504","","2015","6016952","ausgaben","ktn_ai","CHF","fs"
"505","","2015","","ausgaben","ktn_ai","CHF","fs"
"506","","2015","","ausgaben","ktn_ai","CHF","fs"
"509","","2015","","ausgaben","ktn_ai","CHF","fs"
"510","","2015","","ausgaben","ktn_ai","CHF","fs"
"513","","2015","","ausgaben","ktn_ai","CHF","fs"
"514","","2015","","ausgaben","ktn_ai","CHF","fs"
"515","","2015","","ausgaben","ktn_ai","CHF","fs"
"516","","2015","","ausgaben","ktn_ai","CHF","fs"
"519","","2015","","ausgaben","ktn_ai","CHF","fs"
"520","","2015","","ausgaben","ktn_ai","CHF","fs"
"521","","2015","","ausgaben","ktn_ai","CHF","fs"
"529","","2015","","ausgaben","ktn_ai","CHF","fs"
"530","","2015","","ausgaben","ktn_ai","CHF","fs"
"531","","2015","","ausgaben","ktn_ai","CHF","fs"
"532","","2015","","ausgaben","ktn_ai","CHF","fs"
"533","","2015","","ausgaben","ktn_ai","CHF","fs"
"534","","2015","","ausgaben","ktn_ai","CHF","fs"
"535","","2015","","ausgaben","ktn_ai","CHF","fs"
"536","","2015","","ausgaben","ktn_ai","CHF","fs"
"537","","2015","","ausgaben","ktn_ai","CHF","fs"
"538","","2015","","ausgaben","ktn_ai","CHF","fs"
"540","","2015","","ausgaben","ktn_ai","CHF","fs"
"541","","2015","","ausgaben","ktn_ai","CHF","fs"
"542","","2015","","ausgaben","ktn_ai","CHF","fs"
"543","","2015","","ausgaben","ktn_ai","CHF","fs"
"544","","2015","","ausgaben","ktn_ai","CHF","fs"
"545","","2015","","ausgaben","ktn_ai","CHF","fs"
"546","","2015","","ausgaben","ktn_ai","CHF","fs"
"547","","2015","","ausgaben","ktn_ai","CHF","fs"
"548","","2015","","ausgaben","ktn_ai","CHF","fs"
"549","","2015","69500","ausgaben","ktn_ai","CHF","fs"
"550","","2015","","ausgaben","ktn_ai","CHF","fs"
"551","","2015","","ausgaben","ktn_ai","CHF","fs"
"552","","2015","","ausgaben","ktn_ai","CHF","fs"
"553","","2015","","ausgaben","ktn_ai","CHF","fs"
"554","","2015","","ausgaben","ktn_ai","CHF","fs"
"555","","2015","","ausgaben","ktn_ai","CHF","fs"
"556","","2015","","ausgaben","ktn_ai","CHF","fs"
"557","","2015","","ausgaben","ktn_ai","CHF","fs"
"558","","2015","","ausgaben","ktn_ai","CHF","fs"
"570","","2015","","ausgaben","ktn_ai","CHF","fs"
"571","","2015","","ausgaben","ktn_ai","CHF","fs"
"572","","2015","","ausgaben","ktn_ai","CHF","fs"
"573","","2015","","ausgaben","ktn_ai","CHF","fs"
"574","","2015","1800000","ausgaben","ktn_ai","CHF","fs"
"575","","2015","206630","ausgaben","ktn_ai","CHF","fs"
"576","","2015","198525","ausgaben","ktn_ai","CHF","fs"
"577","","2015","348013","ausgaben","ktn_ai","CHF","fs"
"578","","2015","","ausgaben","ktn_ai","CHF","fs"
"580","","2015","","ausgaben","ktn_ai","CHF","fs"
"582","","2015","","ausgaben","ktn_ai","CHF","fs"
"584","","2015","","ausgaben","ktn_ai","CHF","fs"
"585","","2015","","ausgaben","ktn_ai","CHF","fs"
"5870","","2015","","ausgaben","ktn_ai","CHF","fs"
"5871","","2015","","ausgaben","ktn_ai","CHF","fs"
"5872","","2015","","ausgaben","ktn_ai","CHF","fs"
"5873","","2015","","ausgaben","ktn_ai","CHF","fs"
"5874","","2015","","ausgaben","ktn_ai","CHF","fs"
"5875","","2015","","ausgaben","ktn_ai","CHF","fs"
"5876","","2015","","ausgaben","ktn_ai","CHF","fs"
"5877","","2015","","ausgaben","ktn_ai","CHF","fs"
"5878","","2015","","ausgaben","ktn_ai","CHF","fs"
"589","","2015","","ausgaben","ktn_ai","CHF","fs"
"4000","","2015","30336038","einnahmen","ktn_ai","CHF","fs"
"4001","","2015","5968522","einnahmen","ktn_ai","CHF","fs"
"4002","","2015","1325494","einnahmen","ktn_ai","CHF","fs"
"4008","","2015","","einnahmen","ktn_ai","CHF","fs"
"4009","","2015","","einnahmen","ktn_ai","CHF","fs"
"4010","","2015","2208909","einnahmen","ktn_ai","CHF","fs"
"4011","","2015","222959","einnahmen","ktn_ai","CHF","fs"
"4012","","2015","","einnahmen","ktn_ai","CHF","fs"
"4019","","2015","","einnahmen","ktn_ai","CHF","fs"
"4020","","2015","","einnahmen","ktn_ai","CHF","fs"
"4021","","2015","","einnahmen","ktn_ai","CHF","fs"
"4022","","2015","3175425","einnahmen","ktn_ai","CHF","fs"
"4023","","2015","1367020","einnahmen","ktn_ai","CHF","fs"
"4024","","2015","1754504","einnahmen","ktn_ai","CHF","fs"
"4025","","2015","","einnahmen","ktn_ai","CHF","fs"
"4030","","2015","5927189","einnahmen","ktn_ai","CHF","fs"
"4031","","2015","","einnahmen","ktn_ai","CHF","fs"
"4032","","2015","","einnahmen","ktn_ai","CHF","fs"
"4033","","2015","","einnahmen","ktn_ai","CHF","fs"
"4039","","2015","521682","einnahmen","ktn_ai","CHF","fs"
"4040","","2015","","einnahmen","ktn_ai","CHF","fs"
"4041","","2015","","einnahmen","ktn_ai","CHF","fs"
"4042","","2015","","einnahmen","ktn_ai","CHF","fs"
"4043","","2015","","einnahmen","ktn_ai","CHF","fs"
"4044","","2015","","einnahmen","ktn_ai","CHF","fs"
"4045","","2015","","einnahmen","ktn_ai","CHF","fs"
"4046","","2015","","einnahmen","ktn_ai","CHF","fs"
"4047","","2015","","einnahmen","ktn_ai","CHF","fs"
"4049","","2015","","einnahmen","ktn_ai","CHF","fs"
"4050","","2015","","einnahmen","ktn_ai","CHF","fs"
"4051","","2015","","einnahmen","ktn_ai","CHF","fs"
"4052","","2015","","einnahmen","ktn_ai","CHF","fs"
"4053","","2015","","einnahmen","ktn_ai","CHF","fs"
"4059","","2015","","einnahmen","ktn_ai","CHF","fs"
"4060","","2015","","einnahmen","ktn_ai","CHF","fs"
"4070","","2015","","einnahmen","ktn_ai","CHF","fs"
"4071","","2015","","einnahmen","ktn_ai","CHF","fs"
"4072","","2015","","einnahmen","ktn_ai","CHF","fs"
"4079","","2015","","einnahmen","ktn_ai","CHF","fs"
"410","","2015","154415","einnahmen","ktn_ai","CHF","fs"
"411","","2015","2595595","einnahmen","ktn_ai","CHF","fs"
"412","","2015","300","einnahmen","ktn_ai","CHF","fs"
"413","","2015","907745","einnahmen","ktn_ai","CHF","fs"
"420","","2015","133454","einnahmen","ktn_ai","CHF","fs"
"421","","2015","4629850","einnahmen","ktn_ai","CHF","fs"
"422","","2015","","einnahmen","ktn_ai","CHF","fs"
"423","","2015","410102","einnahmen","ktn_ai","CHF","fs"
"424","","2015","1913442","einnahmen","ktn_ai","CHF","fs"
"425","","2015","386020","einnahmen","ktn_ai","CHF","fs"
"426","","2015","2582444.05","einnahmen","ktn_ai","CHF","fs"
"427","","2015","405388","einnahmen","ktn_ai","CHF","fs"
"429","","2015","104930","einnahmen","ktn_ai","CHF","fs"
"430","","2015","3423","einnahmen","ktn_ai","CHF","fs"
"431","","2015","53702","einnahmen","ktn_ai","CHF","fs"
"432","","2015","","einnahmen","ktn_ai","CHF","fs"
"439","","2015","216839","einnahmen","ktn_ai","CHF","fs"
"440","","2015","247226","einnahmen","ktn_ai","CHF","fs"
"441","","2015","438400","einnahmen","ktn_ai","CHF","fs"
"442","","2015","","einnahmen","ktn_ai","CHF","fs"
"443","","2015","177764","einnahmen","ktn_ai","CHF","fs"
"445","","2015","500","einnahmen","ktn_ai","CHF","fs"
"446","","2015","8161731","einnahmen","ktn_ai","CHF","fs"
"447","","2015","2643484","einnahmen","ktn_ai","CHF","fs"
"448","","2015","42975","einnahmen","ktn_ai","CHF","fs"
"449","","2015","","einnahmen","ktn_ai","CHF","fs"
"46000","","2015","4259661","einnahmen","ktn_ai","CHF","fs"
"46001","","2015","1240761","einnahmen","ktn_ai","CHF","fs"
"46002","","2015","80948","einnahmen","ktn_ai","CHF","fs"
"46003","","2015","49553","einnahmen","ktn_ai","CHF","fs"
"46004","","2015","","einnahmen","ktn_ai","CHF","fs"
"46005","","2015","2525560.75","einnahmen","ktn_ai","CHF","fs"
"46006","","2015","","einnahmen","ktn_ai","CHF","fs"
"46007","","2015","15362","einnahmen","ktn_ai","CHF","fs"
"46008","","2015","1454655.5","einnahmen","ktn_ai","CHF","fs"
"46009","","2015","4822","einnahmen","ktn_ai","CHF","fs"
"46010","","2015","","einnahmen","ktn_ai","CHF","fs"
"46011","","2015","","einnahmen","ktn_ai","CHF","fs"
"46012","","2015","","einnahmen","ktn_ai","CHF","fs"
"46019","","2015","","einnahmen","ktn_ai","CHF","fs"
"4603","","2015","","einnahmen","ktn_ai","CHF","fs"
"4604","","2015","","einnahmen","ktn_ai","CHF","fs"
"4610","","2015","3278549","einnahmen","ktn_ai","CHF","fs"
"4611","","2015","493751","einnahmen","ktn_ai","CHF","fs"
"4612","","2015","707695.95","einnahmen","ktn_ai","CHF","fs"
"4613","","2015","233066.8","einnahmen","ktn_ai","CHF","fs"
"4614","","2015","8000","einnahmen","ktn_ai","CHF","fs"
"46201","","2015","5888225.27","einnahmen","ktn_ai","CHF","fs"
"46202","","2015","","einnahmen","ktn_ai","CHF","fs"
"46203","","2015","8436098.89","einnahmen","ktn_ai","CHF","fs"
"46204","","2015","","einnahmen","ktn_ai","CHF","fs"
"46209","","2015","","einnahmen","ktn_ai","CHF","fs"
"46211","","2015","4021162.8","einnahmen","ktn_ai","CHF","fs"
"46212","","2015","","einnahmen","ktn_ai","CHF","fs"
"46213","","2015","","einnahmen","ktn_ai","CHF","fs"
"46214","","2015","","einnahmen","ktn_ai","CHF","fs"
"46215","","2015","","einnahmen","ktn_ai","CHF","fs"
"46216","","2015","","einnahmen","ktn_ai","CHF","fs"
"46217","","2015","","einnahmen","ktn_ai","CHF","fs"
"46225","","2015","","einnahmen","ktn_ai","CHF","fs"
"46226","","2015","","einnahmen","ktn_ai","CHF","fs"
"46227","","2015","","einnahmen","ktn_ai","CHF","fs"
"46228","","2015","","einnahmen","ktn_ai","CHF","fs"
"4624","","2015","","einnahmen","ktn_ai","CHF","fs"
"4629","","2015","","einnahmen","ktn_ai","CHF","fs"
"4630","","2015","30602831","einnahmen","ktn_ai","CHF","fs"
"4631","","2015","63304","einnahmen","ktn_ai","CHF","fs"
"4632","","2015","3063909","einnahmen","ktn_ai","CHF","fs"
"4633","","2015","","einnahmen","ktn_ai","CHF","fs"
"4634","","2015","604556","einnahmen","ktn_ai","CHF","fs"
"4635","","2015","163167","einnahmen","ktn_ai","CHF","fs"
"4636","","2015","10073","einnahmen","ktn_ai","CHF","fs"
"4637","","2015","","einnahmen","ktn_ai","CHF","fs"
"4638","","2015","","einnahmen","ktn_ai","CHF","fs"
"469","","2015","13419","einnahmen","ktn_ai","CHF","fs"
"481","","2015","","einnahmen","ktn_ai","CHF","fs"
"482","","2015","","einnahmen","ktn_ai","CHF","fs"
"483","","2015","113551","einnahmen","ktn_ai","CHF","fs"
"484","","2015","","einnahmen","ktn_ai","CHF","fs"
"4860","","2015","","einnahmen","ktn_ai","CHF","fs"
"4861","","2015","","einnahmen","ktn_ai","CHF","fs"
"4862","","2015","","einnahmen","ktn_ai","CHF","fs"
"4863","","2015","","einnahmen","ktn_ai","CHF","fs"
"4864","","2015","","einnahmen","ktn_ai","CHF","fs"
"4865","","2015","","einnahmen","ktn_ai","CHF","fs"
"4866","","2015","","einnahmen","ktn_ai","CHF","fs"
"4867","","2015","","einnahmen","ktn_ai","CHF","fs"
"4868","","2015","","einnahmen","ktn_ai","CHF","fs"
"600","","2015","","einnahmen","ktn_ai","CHF","fs"
"603","","2015","","einnahmen","ktn_ai","CHF","fs"
"604","","2015","","einnahmen","ktn_ai","CHF","fs"
"605","","2015","","einnahmen","ktn_ai","CHF","fs"
"606","","2015","","einnahmen","ktn_ai","CHF","fs"
"609","","2015","","einnahmen","ktn_ai","CHF","fs"
"610","","2015","","einnahmen","ktn_ai","CHF","fs"
"613","","2015","","einnahmen","ktn_ai","CHF","fs"
"614","","2015","","einnahmen","ktn_ai","CHF","fs"
"615","","2015","","einnahmen","ktn_ai","CHF","fs"
"616","","2015","","einnahmen","ktn_ai","CHF","fs"
"619","","2015","","einnahmen","ktn_ai","CHF","fs"
"620","","2015","","einnahmen","ktn_ai","CHF","fs"
"621","","2015","","einnahmen","ktn_ai","CHF","fs"
"629","","2015","","einnahmen","ktn_ai","CHF","fs"
"630","","2015","","einnahmen","ktn_ai","CHF","fs"
"631","","2015","","einnahmen","ktn_ai","CHF","fs"
"632","","2015","","einnahmen","ktn_ai","CHF","fs"
"633","","2015","","einnahmen","ktn_ai","CHF","fs"
"634","","2015","","einnahmen","ktn_ai","CHF","fs"
"635","","2015","","einnahmen","ktn_ai","CHF","fs"
"636","","2015","","einnahmen","ktn_ai","CHF","fs"
"637","","2015","","einnahmen","ktn_ai","CHF","fs"
"638","","2015","","einnahmen","ktn_ai","CHF","fs"
"640","","2015","","einnahmen","ktn_ai","CHF","fs"
"641","","2015","","einnahmen","ktn_ai","CHF","fs"
"642","","2015","","einnahmen","ktn_ai","CHF","fs"
"643","","2015","","einnahmen","ktn_ai","CHF","fs"
"644","","2015","","einnahmen","ktn_ai","CHF","fs"
"645","","2015","","einnahmen","ktn_ai","CHF","fs"
"646","","2015","","einnahmen","ktn_ai","CHF","fs"
"647","","2015","","einnahmen","ktn_ai","CHF","fs"
"648","","2015","","einnahmen","ktn_ai","CHF","fs"
"649","","2015","111523","einnahmen","ktn_ai","CHF","fs"
"650","","2015","","einnahmen","ktn_ai","CHF","fs"
"651","","2015","","einnahmen","ktn_ai","CHF","fs"
"652","","2015","","einnahmen","ktn_ai","CHF","fs"
"653","","2015","","einnahmen","ktn_ai","CHF","fs"
"654","","2015","","einnahmen","ktn_ai","CHF","fs"
"655","","2015","","einnahmen","ktn_ai","CHF","fs"
"656","","2015","","einnahmen","ktn_ai","CHF","fs"
"657","","2015","","einnahmen","ktn_ai","CHF","fs"
"658","","2015","","einnahmen","ktn_ai","CHF","fs"
"660","","2015","","einnahmen","ktn_ai","CHF","fs"
"661","","2015","","einnahmen","ktn_ai","CHF","fs"
"662","","2015","","einnahmen","ktn_ai","CHF","fs"
"663","","2015","","einnahmen","ktn_ai","CHF","fs"
"664","","2015","","einnahmen","ktn_ai","CHF","fs"
"665","","2015","","einnahmen","ktn_ai","CHF","fs"
"666","","2015","","einnahmen","ktn_ai","CHF","fs"
"667","","2015","","einnahmen","ktn_ai","CHF","fs"
"668","","2015","","einnahmen","ktn_ai","CHF","fs"
"670","","2015","2704324","einnahmen","ktn_ai","CHF","fs"
"671","","2015","","einnahmen","ktn_ai","CHF","fs"
"672","","2015","26585","einnahmen","ktn_ai","CHF","fs"
"673","","2015","","einnahmen","ktn_ai","CHF","fs"
"674","","2015","","einnahmen","ktn_ai","CHF","fs"
"675","","2015","","einnahmen","ktn_ai","CHF","fs"
"676","","2015","","einnahmen","ktn_ai","CHF","fs"
"677","","2015","86777","einnahmen","ktn_ai","CHF","fs"
"678","","2015","","einnahmen","ktn_ai","CHF","fs"
"680","","2015","","einnahmen","ktn_ai","CHF","fs"
"682","","2015","","einnahmen","ktn_ai","CHF","fs"
"684","","2015","","einnahmen","ktn_ai","CHF","fs"
"685","","2015","","einnahmen","ktn_ai","CHF","fs"
"686","","2015","","einnahmen","ktn_ai","CHF","fs"
"6870","","2015","","einnahmen","ktn_ai","CHF","fs"
"6871","","2015","","einnahmen","ktn_ai","CHF","fs"
"6872","","2015","","einnahmen","ktn_ai","CHF","fs"
"6873","","2015","","einnahmen","ktn_ai","CHF","fs"
"6874","","2015","","einnahmen","ktn_ai","CHF","fs"
"6875","","2015","","einnahmen","ktn_ai","CHF","fs"
"6876","","2015","","einnahmen","ktn_ai","CHF","fs"
"6877","","2015","","einnahmen","ktn_ai","CHF","fs"
"6878","","2015","","einnahmen","ktn_ai","CHF","fs"
"689","","2015","","einnahmen","ktn_ai","CHF","fs"
"","01","2015","1129433","ausgaben_funk","ktn_ai","CHF","fs"
"","02","2015","10747088.99","ausgaben_funk","ktn_ai","CHF","fs"
"","03","2015","","ausgaben_funk","ktn_ai","CHF","fs"
"","08","2015","","ausgaben_funk","ktn_ai","CHF","fs"
"","11","2015","5438821","ausgaben_funk","ktn_ai","CHF","fs"
"","12","2015","1651908","ausgaben_funk","ktn_ai","CHF","fs"
"","13","2015","99629","ausgaben_funk","ktn_ai","CHF","fs"
"","14","2015","2687477","ausgaben_funk","ktn_ai","CHF","fs"
"","15","2015","391086","ausgaben_funk","ktn_ai","CHF","fs"
"","16","2015","581380","ausgaben_funk","ktn_ai","CHF","fs"
"","18","2015","","ausgaben_funk","ktn_ai","CHF","fs"
"","21","2015","2454217","ausgaben_funk","ktn_ai","CHF","fs"
"","22","2015","2526701","ausgaben_funk","ktn_ai","CHF","fs"
"","23","2015","4759499","ausgaben_funk","ktn_ai","CHF","fs"
"","25","2015","9498561","ausgaben_funk","ktn_ai","CHF","fs"
"","26","2015","1140305","ausgaben_funk","ktn_ai","CHF","fs"
"","27","2015","5449765","ausgaben_funk","ktn_ai","CHF","fs"
"","28","2015","","ausgaben_funk","ktn_ai","CHF","fs"
"","29","2015","1679130","ausgaben_funk","ktn_ai","CHF","fs"
"","31","2015","291122","ausgaben_funk","ktn_ai","CHF","fs"
"","32","2015","1279429","ausgaben_funk","ktn_ai","CHF","fs"
"","33","2015","","ausgaben_funk","ktn_ai","CHF","fs"
"","34","2015","574106","ausgaben_funk","ktn_ai","CHF","fs"
"","35","2015","136702","ausgaben_funk","ktn_ai","CHF","fs"
"","38","2015","","ausgaben_funk","ktn_ai","CHF","fs"
"","41","2015","24488104","ausgaben_funk","ktn_ai","CHF","fs"
"","42","2015","1789079","ausgaben_funk","ktn_ai","CHF","fs"
"","43","2015","269752","ausgaben_funk","ktn_ai","CHF","fs"
"","48","2015","","ausgaben_funk","ktn_ai","CHF","fs"
"","49","2015","165433","ausgaben_funk","ktn_ai","CHF","fs"
"","51","2015","6246545","ausgaben_funk","ktn_ai","CHF","fs"
"","52","2015","5200075","ausgaben_funk","ktn_ai","CHF","fs"
"","53","2015","3418021","ausgaben_funk","ktn_ai","CHF","fs"
"","54","2015","800704.5","ausgaben_funk","ktn_ai","CHF","fs"
"","55","2015","396878.8","ausgaben_funk","ktn_ai","CHF","fs"
"","56","2015","","ausgaben_funk","ktn_ai","CHF","fs"
"","57","2015","6590150","ausgaben_funk","ktn_ai","CHF","fs"
"","58","2015","","ausgaben_funk","ktn_ai","CHF","fs"
"","59","2015","95580","ausgaben_funk","ktn_ai","CHF","fs"
"","61","2015","6009465","ausgaben_funk","ktn_ai","CHF","fs"
"","62","2015","4160169","ausgaben_funk","ktn_ai","CHF","fs"
"","63","2015","14594","ausgaben_funk","ktn_ai","CHF","fs"
"","64","2015","","ausgaben_funk","ktn_ai","CHF","fs"
"","68","2015","","ausgaben_funk","ktn_ai","CHF","fs"
"","71","2015","226795","ausgaben_funk","ktn_ai","CHF","fs"
"","72","2015","","ausgaben_funk","ktn_ai","CHF","fs"
"","73","2015","773559","ausgaben_funk","ktn_ai","CHF","fs"
"","74","2015","266110","ausgaben_funk","ktn_ai","CHF","fs"
"","75","2015","608818","ausgaben_funk","ktn_ai","CHF","fs"
"","76","2015","1258195","ausgaben_funk","ktn_ai","CHF","fs"
"","77","2015","","ausgaben_funk","ktn_ai","CHF","fs"
"","78","2015","","ausgaben_funk","ktn_ai","CHF","fs"
"","79","2015","15174","ausgaben_funk","ktn_ai","CHF","fs"
"","81","2015","24192964","ausgaben_funk","ktn_ai","CHF","fs"
"","82","2015","984500","ausgaben_funk","ktn_ai","CHF","fs"
"","83","2015","230049","ausgaben_funk","ktn_ai","CHF","fs"
"","84","2015","996663","ausgaben_funk","ktn_ai","CHF","fs"
"","85","2015","292241","ausgaben_funk","ktn_ai","CHF","fs"
"","86","2015","","ausgaben_funk","ktn_ai","CHF","fs"
"","87","2015","369880","ausgaben_funk","ktn_ai","CHF","fs"
"","88","2015","","ausgaben_funk","ktn_ai","CHF","fs"
"","89","2015","3035","ausgaben_funk","ktn_ai","CHF","fs"
"","91","2015","29532","ausgaben_funk","ktn_ai","CHF","fs"
"","92","2015","","ausgaben_funk","ktn_ai","CHF","fs"
"","93","2015","4248922","ausgaben_funk","ktn_ai","CHF","fs"
"","94","2015","","ausgaben_funk","ktn_ai","CHF","fs"
"","95","2015","273404","ausgaben_funk","ktn_ai","CHF","fs"
"","96","2015","130366","ausgaben_funk","ktn_ai","CHF","fs"
"","97","2015","","ausgaben_funk","ktn_ai","CHF","fs"
"","99","2015","","ausgaben_funk","ktn_ai","CHF","fs"
"","01","2015","","einnahmen_funk","ktn_ai","CHF","fs"
"","02","2015","3348401","einnahmen_funk","ktn_ai","CHF","fs"
"","03","2015","","einnahmen_funk","ktn_ai","CHF","fs"
"","08","2015","","einnahmen_funk","ktn_ai","CHF","fs"
"","11","2015","2405693","einnahmen_funk","ktn_ai","CHF","fs"
"","12","2015","438891","einnahmen_funk","ktn_ai","CHF","fs"
"","13","2015","27840","einnahmen_funk","ktn_ai","CHF","fs"
"","14","2015","2119252","einnahmen_funk","ktn_ai","CHF","fs"
"","15","2015","505788","einnahmen_funk","ktn_ai","CHF","fs"
"","16","2015","144653","einnahmen_funk","ktn_ai","CHF","fs"
"","18","2015","","einnahmen_funk","ktn_ai","CHF","fs"
"","21","2015","208577","einnahmen_funk","ktn_ai","CHF","fs"
"","22","2015","","einnahmen_funk","ktn_ai","CHF","fs"
"","23","2015","1520388","einnahmen_funk","ktn_ai","CHF","fs"
"","25","2015","3655154","einnahmen_funk","ktn_ai","CHF","fs"
"","26","2015","17314","einnahmen_funk","ktn_ai","CHF","fs"
"","27","2015","134084","einnahmen_funk","ktn_ai","CHF","fs"
"","28","2015","","einnahmen_funk","ktn_ai","CHF","fs"
"","29","2015","10073","einnahmen_funk","ktn_ai","CHF","fs"
"","31","2015","19050","einnahmen_funk","ktn_ai","CHF","fs"
"","32","2015","17309","einnahmen_funk","ktn_ai","CHF","fs"
"","33","2015","","einnahmen_funk","ktn_ai","CHF","fs"
"","34","2015","99479","einnahmen_funk","ktn_ai","CHF","fs"
"","35","2015","","einnahmen_funk","ktn_ai","CHF","fs"
"","38","2015","","einnahmen_funk","ktn_ai","CHF","fs"
"","41","2015","1619000","einnahmen_funk","ktn_ai","CHF","fs"
"","42","2015","","einnahmen_funk","ktn_ai","CHF","fs"
"","43","2015","111868","einnahmen_funk","ktn_ai","CHF","fs"
"","48","2015","","einnahmen_funk","ktn_ai","CHF","fs"
"","49","2015","550","einnahmen_funk","ktn_ai","CHF","fs"
"","51","2015","4571620","einnahmen_funk","ktn_ai","CHF","fs"
"","52","2015","682372","einnahmen_funk","ktn_ai","CHF","fs"
"","53","2015","1798058","einnahmen_funk","ktn_ai","CHF","fs"
"","54","2015","3000","einnahmen_funk","ktn_ai","CHF","fs"
"","55","2015","233066.8","einnahmen_funk","ktn_ai","CHF","fs"
"","56","2015","","einnahmen_funk","ktn_ai","CHF","fs"
"","57","2015","4032891","einnahmen_funk","ktn_ai","CHF","fs"
"","58","2015","","einnahmen_funk","ktn_ai","CHF","fs"
"","59","2015","63720","einnahmen_funk","ktn_ai","CHF","fs"
"","61","2015","5709094.25","einnahmen_funk","ktn_ai","CHF","fs"
"","62","2015","1174549","einnahmen_funk","ktn_ai","CHF","fs"
"","63","2015","10549","einnahmen_funk","ktn_ai","CHF","fs"
"","64","2015","","einnahmen_funk","ktn_ai","CHF","fs"
"","68","2015","","einnahmen_funk","ktn_ai","CHF","fs"
"","71","2015","67679","einnahmen_funk","ktn_ai","CHF","fs"
"","72","2015","","einnahmen_funk","ktn_ai","CHF","fs"
"","73","2015","926476","einnahmen_funk","ktn_ai","CHF","fs"
"","74","2015","200328","einnahmen_funk","ktn_ai","CHF","fs"
"","75","2015","276789","einnahmen_funk","ktn_ai","CHF","fs"
"","76","2015","1351683","einnahmen_funk","ktn_ai","CHF","fs"
"","77","2015","","einnahmen_funk","ktn_ai","CHF","fs"
"","78","2015","","einnahmen_funk","ktn_ai","CHF","fs"
"","79","2015","","einnahmen_funk","ktn_ai","CHF","fs"
"","81","2015","22910863","einnahmen_funk","ktn_ai","CHF","fs"
"","82","2015","346757","einnahmen_funk","ktn_ai","CHF","fs"
"","83","2015","206328","einnahmen_funk","ktn_ai","CHF","fs"
"","84","2015","521682","einnahmen_funk","ktn_ai","CHF","fs"
"","85","2015","8011","einnahmen_funk","ktn_ai","CHF","fs"
"","86","2015","10048040","einnahmen_funk","ktn_ai","CHF","fs"
"","87","2015","564838","einnahmen_funk","ktn_ai","CHF","fs"
"","88","2015","","einnahmen_funk","ktn_ai","CHF","fs"
"","89","2015","57695","einnahmen_funk","ktn_ai","CHF","fs"
"","91","2015","52286060","einnahmen_funk","ktn_ai","CHF","fs"
"","92","2015","","einnahmen_funk","ktn_ai","CHF","fs"
"","93","2015","18345486.96","einnahmen_funk","ktn_ai","CHF","fs"
"","94","2015","5601554","einnahmen_funk","ktn_ai","CHF","fs"
"","95","2015","","einnahmen_funk","ktn_ai","CHF","fs"
"","96","2015","863390","einnahmen_funk","ktn_ai","CHF","fs"
"","97","2015","13419","einnahmen_funk","ktn_ai","CHF","fs"
"","99","2015","","einnahmen_funk","ktn_ai","CHF","fs"
"","01","2015","1129433","ord_ausgaben_funk","ktn_ai","CHF","fs"
"","02","2015","10747088.99","ord_ausgaben_funk","ktn_ai","CHF","fs"
"","03","2015","","ord_ausgaben_funk","ktn_ai","CHF","fs"
"","08","2015","","ord_ausgaben_funk","ktn_ai","CHF","fs"
"","11","2015","5438821","ord_ausgaben_funk","ktn_ai","CHF","fs"
"","12","2015","1651908","ord_ausgaben_funk","ktn_ai","CHF","fs"
"","13","2015","99629","ord_ausgaben_funk","ktn_ai","CHF","fs"
"","14","2015","2687477","ord_ausgaben_funk","ktn_ai","CHF","fs"
"","15","2015","391086","ord_ausgaben_funk","ktn_ai","CHF","fs"
"","16","2015","581380","ord_ausgaben_funk","ktn_ai","CHF","fs"
"","18","2015","","ord_ausgaben_funk","ktn_ai","CHF","fs"
"","21","2015","2454217","ord_ausgaben_funk","ktn_ai","CHF","fs"
"","22","2015","2526701","ord_ausgaben_funk","ktn_ai","CHF","fs"
"","23","2015","4759499","ord_ausgaben_funk","ktn_ai","CHF","fs"
"","25","2015","9498561","ord_ausgaben_funk","ktn_ai","CHF","fs"
"","26","2015","1140305","ord_ausgaben_funk","ktn_ai","CHF","fs"
"","27","2015","5449765","ord_ausgaben_funk","ktn_ai","CHF","fs"
"","28","2015","","ord_ausgaben_funk","ktn_ai","CHF","fs"
"","29","2015","1679130","ord_ausgaben_funk","ktn_ai","CHF","fs"
"","31","2015","291122","ord_ausgaben_funk","ktn_ai","CHF","fs"
"","32","2015","1279429","ord_ausgaben_funk","ktn_ai","CHF","fs"
"","33","2015","","ord_ausgaben_funk","ktn_ai","CHF","fs"
"","34","2015","574106","ord_ausgaben_funk","ktn_ai","CHF","fs"
"","35","2015","136702","ord_ausgaben_funk","ktn_ai","CHF","fs"
"","38","2015","","ord_ausgaben_funk","ktn_ai","CHF","fs"
"","41","2015","24488104","ord_ausgaben_funk","ktn_ai","CHF","fs"
"","42","2015","1789079","ord_ausgaben_funk","ktn_ai","CHF","fs"
"","43","2015","269752","ord_ausgaben_funk","ktn_ai","CHF","fs"
"","48","2015","","ord_ausgaben_funk","ktn_ai","CHF","fs"
"","49","2015","165433","ord_ausgaben_funk","ktn_ai","CHF","fs"
"","51","2015","6246545","ord_ausgaben_funk","ktn_ai","CHF","fs"
"","52","2015","5200075","ord_ausgaben_funk","ktn_ai","CHF","fs"
"","53","2015","3418021","ord_ausgaben_funk","ktn_ai","CHF","fs"
"","54","2015","800704.5","ord_ausgaben_funk","ktn_ai","CHF","fs"
"","55","2015","396878.8","ord_ausgaben_funk","ktn_ai","CHF","fs"
"","56","2015","","ord_ausgaben_funk","ktn_ai","CHF","fs"
"","57","2015","6590150","ord_ausgaben_funk","ktn_ai","CHF","fs"
"","58","2015","","ord_ausgaben_funk","ktn_ai","CHF","fs"
"","59","2015","95580","ord_ausgaben_funk","ktn_ai","CHF","fs"
"","61","2015","6009465","ord_ausgaben_funk","ktn_ai","CHF","fs"
"","62","2015","4160169","ord_ausgaben_funk","ktn_ai","CHF","fs"
"","63","2015","14594","ord_ausgaben_funk","ktn_ai","CHF","fs"
"","64","2015","","ord_ausgaben_funk","ktn_ai","CHF","fs"
"","68","2015","","ord_ausgaben_funk","ktn_ai","CHF","fs"
"","71","2015","226795","ord_ausgaben_funk","ktn_ai","CHF","fs"
"","72","2015","","ord_ausgaben_funk","ktn_ai","CHF","fs"
"","73","2015","773559","ord_ausgaben_funk","ktn_ai","CHF","fs"
"","74","2015","266110","ord_ausgaben_funk","ktn_ai","CHF","fs"
"","75","2015","608818","ord_ausgaben_funk","ktn_ai","CHF","fs"
"","76","2015","1258195","ord_ausgaben_funk","ktn_ai","CHF","fs"
"","77","2015","","ord_ausgaben_funk","ktn_ai","CHF","fs"
"","78","2015","","ord_ausgaben_funk","ktn_ai","CHF","fs"
"","79","2015","15174","ord_ausgaben_funk","ktn_ai","CHF","fs"
"","81","2015","24192964","ord_ausgaben_funk","ktn_ai","CHF","fs"
"","82","2015","984500","ord_ausgaben_funk","ktn_ai","CHF","fs"
"","83","2015","230049","ord_ausgaben_funk","ktn_ai","CHF","fs"
"","84","2015","996663","ord_ausgaben_funk","ktn_ai","CHF","fs"
"","85","2015","292241","ord_ausgaben_funk","ktn_ai","CHF","fs"
"","86","2015","","ord_ausgaben_funk","ktn_ai","CHF","fs"
"","87","2015","369880","ord_ausgaben_funk","ktn_ai","CHF","fs"
"","88","2015","","ord_ausgaben_funk","ktn_ai","CHF","fs"
"","89","2015","3035","ord_ausgaben_funk","ktn_ai","CHF","fs"
"","91","2015","29532","ord_ausgaben_funk","ktn_ai","CHF","fs"
"","92","2015","","ord_ausgaben_funk","ktn_ai","CHF","fs"
"","93","2015","4248922","ord_ausgaben_funk","ktn_ai","CHF","fs"
"","94","2015","","ord_ausgaben_funk","ktn_ai","CHF","fs"
"","95","2015","273404","ord_ausgaben_funk","ktn_ai","CHF","fs"
"","96","2015","130366","ord_ausgaben_funk","ktn_ai","CHF","fs"
"","97","2015","","ord_ausgaben_funk","ktn_ai","CHF","fs"
"","99","2015","","ord_ausgaben_funk","ktn_ai","CHF","fs"
"","01","2015","","ord_einnahmen_funk","ktn_ai","CHF","fs"
"","02","2015","3348401","ord_einnahmen_funk","ktn_ai","CHF","fs"
"","03","2015","","ord_einnahmen_funk","ktn_ai","CHF","fs"
"","08","2015","","ord_einnahmen_funk","ktn_ai","CHF","fs"
"","11","2015","2405693","ord_einnahmen_funk","ktn_ai","CHF","fs"
"","12","2015","438891","ord_einnahmen_funk","ktn_ai","CHF","fs"
"","13","2015","27840","ord_einnahmen_funk","ktn_ai","CHF","fs"
"","14","2015","2119252","ord_einnahmen_funk","ktn_ai","CHF","fs"
"","15","2015","505788","ord_einnahmen_funk","ktn_ai","CHF","fs"
"","16","2015","144653","ord_einnahmen_funk","ktn_ai","CHF","fs"
"","18","2015","","ord_einnahmen_funk","ktn_ai","CHF","fs"
"","21","2015","208577","ord_einnahmen_funk","ktn_ai","CHF","fs"
"","22","2015","","ord_einnahmen_funk","ktn_ai","CHF","fs"
"","23","2015","1520388","ord_einnahmen_funk","ktn_ai","CHF","fs"
"","25","2015","3655154","ord_einnahmen_funk","ktn_ai","CHF","fs"
"","26","2015","17314","ord_einnahmen_funk","ktn_ai","CHF","fs"
"","27","2015","134084","ord_einnahmen_funk","ktn_ai","CHF","fs"
"","28","2015","","ord_einnahmen_funk","ktn_ai","CHF","fs"
"","29","2015","10073","ord_einnahmen_funk","ktn_ai","CHF","fs"
"","31","2015","19050","ord_einnahmen_funk","ktn_ai","CHF","fs"
"","32","2015","17309","ord_einnahmen_funk","ktn_ai","CHF","fs"
"","33","2015","","ord_einnahmen_funk","ktn_ai","CHF","fs"
"","34","2015","99479","ord_einnahmen_funk","ktn_ai","CHF","fs"
"","35","2015","","ord_einnahmen_funk","ktn_ai","CHF","fs"
"","38","2015","","ord_einnahmen_funk","ktn_ai","CHF","fs"
"","41","2015","1619000","ord_einnahmen_funk","ktn_ai","CHF","fs"
"","42","2015","","ord_einnahmen_funk","ktn_ai","CHF","fs"
"","43","2015","111868","ord_einnahmen_funk","ktn_ai","CHF","fs"
"","48","2015","","ord_einnahmen_funk","ktn_ai","CHF","fs"
"","49","2015","550","ord_einnahmen_funk","ktn_ai","CHF","fs"
"","51","2015","4571620","ord_einnahmen_funk","ktn_ai","CHF","fs"
"","52","2015","682372","ord_einnahmen_funk","ktn_ai","CHF","fs"
"","53","2015","1798058","ord_einnahmen_funk","ktn_ai","CHF","fs"
"","54","2015","3000","ord_einnahmen_funk","ktn_ai","CHF","fs"
"","55","2015","233066.8","ord_einnahmen_funk","ktn_ai","CHF","fs"
"","56","2015","","ord_einnahmen_funk","ktn_ai","CHF","fs"
"","57","2015","4032891","ord_einnahmen_funk","ktn_ai","CHF","fs"
"","58","2015","","ord_einnahmen_funk","ktn_ai","CHF","fs"
"","59","2015","63720","ord_einnahmen_funk","ktn_ai","CHF","fs"
"","61","2015","5709094.25","ord_einnahmen_funk","ktn_ai","CHF","fs"
"","62","2015","1174549","ord_einnahmen_funk","ktn_ai","CHF","fs"
"","63","2015","10549","ord_einnahmen_funk","ktn_ai","CHF","fs"
"","64","2015","","ord_einnahmen_funk","ktn_ai","CHF","fs"
"","68","2015","","ord_einnahmen_funk","ktn_ai","CHF","fs"
"","71","2015","67679","ord_einnahmen_funk","ktn_ai","CHF","fs"
"","72","2015","","ord_einnahmen_funk","ktn_ai","CHF","fs"
"","73","2015","926476","ord_einnahmen_funk","ktn_ai","CHF","fs"
"","74","2015","86777","ord_einnahmen_funk","ktn_ai","CHF","fs"
"","75","2015","276789","ord_einnahmen_funk","ktn_ai","CHF","fs"
"","76","2015","1351683","ord_einnahmen_funk","ktn_ai","CHF","fs"
"","77","2015","","ord_einnahmen_funk","ktn_ai","CHF","fs"
"","78","2015","","ord_einnahmen_funk","ktn_ai","CHF","fs"
"","79","2015","","ord_einnahmen_funk","ktn_ai","CHF","fs"
"","81","2015","22910863","ord_einnahmen_funk","ktn_ai","CHF","fs"
"","82","2015","346757","ord_einnahmen_funk","ktn_ai","CHF","fs"
"","83","2015","206328","ord_einnahmen_funk","ktn_ai","CHF","fs"
"","84","2015","521682","ord_einnahmen_funk","ktn_ai","CHF","fs"
"","85","2015","8011","ord_einnahmen_funk","ktn_ai","CHF","fs"
"","86","2015","10048040","ord_einnahmen_funk","ktn_ai","CHF","fs"
"","87","2015","564838","ord_einnahmen_funk","ktn_ai","CHF","fs"
"","88","2015","","ord_einnahmen_funk","ktn_ai","CHF","fs"
"","89","2015","57695","ord_einnahmen_funk","ktn_ai","CHF","fs"
"","91","2015","52286060","ord_einnahmen_funk","ktn_ai","CHF","fs"
"","92","2015","","ord_einnahmen_funk","ktn_ai","CHF","fs"
"","93","2015","18345486.96","ord_einnahmen_funk","ktn_ai","CHF","fs"
"","94","2015","5601554","ord_einnahmen_funk","ktn_ai","CHF","fs"
"","95","2015","","ord_einnahmen_funk","ktn_ai","CHF","fs"
"","96","2015","863390","ord_einnahmen_funk","ktn_ai","CHF","fs"
"","97","2015","13419","ord_einnahmen_funk","ktn_ai","CHF","fs"
"","99","2015","","ord_einnahmen_funk","ktn_ai","CHF","fs"