"arten","funk","jahr","value","dim","hh","unit","model"
"100","","2015","1261891939.98","bilanz","ktn_gdn_be","CHF","fs"
"101","","2015","4436963719.55","bilanz","ktn_gdn_be","CHF","fs"
"102","","2015","27096234.39","bilanz","ktn_gdn_be","CHF","fs"
"104","","2015","722591846.2","bilanz","ktn_gdn_be","CHF","fs"
"106","","2015","37198092.54","bilanz","ktn_gdn_be","CHF","fs"
"107","","2015","1625068375.92","bilanz","ktn_gdn_be","CHF","fs"
"108","","2015","2952862644.97","bilanz","ktn_gdn_be","CHF","fs"
"109","","2015","3345573.22","bilanz","ktn_gdn_be","CHF","fs"
"140","","2015","4381515918.61","bilanz","ktn_gdn_be","CHF","fs"
"141","","2015","","bilanz","ktn_gdn_be","CHF","fs"
"142","","2015","31586547.15","bilanz","ktn_gdn_be","CHF","fs"
"143","","2015","840520666.65","bilanz","ktn_gdn_be","CHF","fs"
"144","","2015","160674660.54","bilanz","ktn_gdn_be","CHF","fs"
"145","","2015","585115635.78","bilanz","ktn_gdn_be","CHF","fs"
"146","","2015","765953460.06","bilanz","ktn_gdn_be","CHF","fs"
"147","","2015","","bilanz","ktn_gdn_be","CHF","fs"
"148","","2015","","bilanz","ktn_gdn_be","CHF","fs"
"200","","2015","1622515982.34","bilanz","ktn_gdn_be","CHF","fs"
"201","","2015","412570175.37","bilanz","ktn_gdn_be","CHF","fs"
"204","","2015","1005274469.15","bilanz","ktn_gdn_be","CHF","fs"
"205","","2015","57042915.8","bilanz","ktn_gdn_be","CHF","fs"
"206","","2015","10652869137.41","bilanz","ktn_gdn_be","CHF","fs"
"207","","2015","","bilanz","ktn_gdn_be","CHF","fs"
"208","","2015","2542481557.73","bilanz","ktn_gdn_be","CHF","fs"
"209","","2015","2722822284.42","bilanz","ktn_gdn_be","CHF","fs"
"290","","2015","107561424.1","bilanz","ktn_gdn_be","CHF","fs"
"292","","2015","9584497","bilanz","ktn_gdn_be","CHF","fs"
"293","","2015","534689767.04","bilanz","ktn_gdn_be","CHF","fs"
"294","","2015","164428309.55","bilanz","ktn_gdn_be","CHF","fs"
"295","","2015","","bilanz","ktn_gdn_be","CHF","fs"
"296","","2015","414688085.61","bilanz","ktn_gdn_be","CHF","fs"
"298","","2015","","bilanz","ktn_gdn_be","CHF","fs"
"299","","2015","-2414143289.97","bilanz","ktn_gdn_be","CHF","fs"
"empty","","2015","","er","ktn_gdn_be","CHF","fs"
"empty","","2015","","er","ktn_gdn_be","CHF","fs"
"empty","","2015","","er","ktn_gdn_be","CHF","fs"
"empty","","2015","","er","ktn_gdn_be","CHF","fs"
"300","","2015","87206685.28","aufwand","ktn_gdn_be","CHF","fs"
"301","","2015","2170327380.17","aufwand","ktn_gdn_be","CHF","fs"
"302","","2015","1720888058.43","aufwand","ktn_gdn_be","CHF","fs"
"303","","2015","15563019.16","aufwand","ktn_gdn_be","CHF","fs"
"304","","2015","10096852.53","aufwand","ktn_gdn_be","CHF","fs"
"305","","2015","733922625.45","aufwand","ktn_gdn_be","CHF","fs"
"306","","2015","9231350.05","aufwand","ktn_gdn_be","CHF","fs"
"309","","2015","48149147.23","aufwand","ktn_gdn_be","CHF","fs"
"310","","2015","233187860.42","aufwand","ktn_gdn_be","CHF","fs"
"311","","2015","84565047.81","aufwand","ktn_gdn_be","CHF","fs"
"312","","2015","240435431.11","aufwand","ktn_gdn_be","CHF","fs"
"313","","2015","786979117.58","aufwand","ktn_gdn_be","CHF","fs"
"314","","2015","223905765.86","aufwand","ktn_gdn_be","CHF","fs"
"315","","2015","96026749.69","aufwand","ktn_gdn_be","CHF","fs"
"316","","2015","136740408.86","aufwand","ktn_gdn_be","CHF","fs"
"317","","2015","60505947.1","aufwand","ktn_gdn_be","CHF","fs"
"318","","2015","138989168.87","aufwand","ktn_gdn_be","CHF","fs"
"319","","2015","188357637.82","aufwand","ktn_gdn_be","CHF","fs"
"320","","2015","","aufwand","ktn_gdn_be","CHF","fs"
"331","","2015","","aufwand","ktn_gdn_be","CHF","fs"
"337","","2015","719845989.03","aufwand","ktn_gdn_be","CHF","fs"
"338","","2015","401225826.85","aufwand","ktn_gdn_be","CHF","fs"
"340","","2015","234215686.9","aufwand","ktn_gdn_be","CHF","fs"
"341","","2015","6294509.15","aufwand","ktn_gdn_be","CHF","fs"
"342","","2015","867838","aufwand","ktn_gdn_be","CHF","fs"
"343","","2015","28450587.17","aufwand","ktn_gdn_be","CHF","fs"
"344","","2015","5327289.05","aufwand","ktn_gdn_be","CHF","fs"
"349","","2015","248837.84","aufwand","ktn_gdn_be","CHF","fs"
"350","","2015","73000","aufwand","ktn_gdn_be","CHF","fs"
"351","","2015","14627495.23","aufwand","ktn_gdn_be","CHF","fs"
"352","","2015","227346560.66","aufwand","ktn_gdn_be","CHF","fs"
"3600","","2015","","aufwand","ktn_gdn_be","CHF","fs"
"36010","","2015","","aufwand","ktn_gdn_be","CHF","fs"
"36011","","2015","","aufwand","ktn_gdn_be","CHF","fs"
"36012","","2015","","aufwand","ktn_gdn_be","CHF","fs"
"36013","","2015","","aufwand","ktn_gdn_be","CHF","fs"
"36014","","2015","","aufwand","ktn_gdn_be","CHF","fs"
"36015","","2015","","aufwand","ktn_gdn_be","CHF","fs"
"36016","","2015","","aufwand","ktn_gdn_be","CHF","fs"
"36017","","2015","","aufwand","ktn_gdn_be","CHF","fs"
"36018","","2015","","aufwand","ktn_gdn_be","CHF","fs"
"36019","","2015","","aufwand","ktn_gdn_be","CHF","fs"
"36021","","2015","","aufwand","ktn_gdn_be","CHF","fs"
"36022","","2015","","aufwand","ktn_gdn_be","CHF","fs"
"36023","","2015","","aufwand","ktn_gdn_be","CHF","fs"
"36029","","2015","","aufwand","ktn_gdn_be","CHF","fs"
"3603","","2015","","aufwand","ktn_gdn_be","CHF","fs"
"3604","","2015","","aufwand","ktn_gdn_be","CHF","fs"
"3610","","2015","","aufwand","ktn_gdn_be","CHF","fs"
"3611","","2015","26778784.83","aufwand","ktn_gdn_be","CHF","fs"
"3612","","2015","","aufwand","ktn_gdn_be","CHF","fs"
"3613","","2015","","aufwand","ktn_gdn_be","CHF","fs"
"3614","","2015","55841330.65","aufwand","ktn_gdn_be","CHF","fs"
"3620","","2015","","aufwand","ktn_gdn_be","CHF","fs"
"36211","","2015","","aufwand","ktn_gdn_be","CHF","fs"
"36212","","2015","","aufwand","ktn_gdn_be","CHF","fs"
"36213","","2015","","aufwand","ktn_gdn_be","CHF","fs"
"36214","","2015","15800978","aufwand","ktn_gdn_be","CHF","fs"
"36215","","2015","","aufwand","ktn_gdn_be","CHF","fs"
"36216","","2015","","aufwand","ktn_gdn_be","CHF","fs"
"36217","","2015","","aufwand","ktn_gdn_be","CHF","fs"
"36219","","2015","","aufwand","ktn_gdn_be","CHF","fs"
"36221","","2015","","aufwand","ktn_gdn_be","CHF","fs"
"36222","","2015","","aufwand","ktn_gdn_be","CHF","fs"
"36223","","2015","","aufwand","ktn_gdn_be","CHF","fs"
"36224","","2015","","aufwand","ktn_gdn_be","CHF","fs"
"36225","","2015","","aufwand","ktn_gdn_be","CHF","fs"
"36226","","2015","","aufwand","ktn_gdn_be","CHF","fs"
"36227","","2015","","aufwand","ktn_gdn_be","CHF","fs"
"36228","","2015","","aufwand","ktn_gdn_be","CHF","fs"
"3624","","2015","","aufwand","ktn_gdn_be","CHF","fs"
"3629","","2015","","aufwand","ktn_gdn_be","CHF","fs"
"3630","","2015","","aufwand","ktn_gdn_be","CHF","fs"
"3631","","2015","120541463.78","aufwand","ktn_gdn_be","CHF","fs"
"3632","","2015","","aufwand","ktn_gdn_be","CHF","fs"
"3633","","2015","20702875.63","aufwand","ktn_gdn_be","CHF","fs"
"3634","","2015","1277277836.49","aufwand","ktn_gdn_be","CHF","fs"
"3635","","2015","1513960018.14","aufwand","ktn_gdn_be","CHF","fs"
"3636","","2015","1333512947.45","aufwand","ktn_gdn_be","CHF","fs"
"3637","","2015","1607893372.12","aufwand","ktn_gdn_be","CHF","fs"
"3638","","2015","10354936.38","aufwand","ktn_gdn_be","CHF","fs"
"3639","","2015","32570536.42","aufwand","ktn_gdn_be","CHF","fs"
"364","","2015","","aufwand","ktn_gdn_be","CHF","fs"
"365","","2015","","aufwand","ktn_gdn_be","CHF","fs"
"366","","2015","","aufwand","ktn_gdn_be","CHF","fs"
"369","","2015","","aufwand","ktn_gdn_be","CHF","fs"
"380","","2015","1988192318.95","aufwand","ktn_gdn_be","CHF","fs"
"381","","2015","","aufwand","ktn_gdn_be","CHF","fs"
"383","","2015","4633714.8","aufwand","ktn_gdn_be","CHF","fs"
"384","","2015","6e+05","aufwand","ktn_gdn_be","CHF","fs"
"3860","","2015","","aufwand","ktn_gdn_be","CHF","fs"
"3861","","2015","","aufwand","ktn_gdn_be","CHF","fs"
"3862","","2015","","aufwand","ktn_gdn_be","CHF","fs"
"3863","","2015","","aufwand","ktn_gdn_be","CHF","fs"
"3864","","2015","","aufwand","ktn_gdn_be","CHF","fs"
"3865","","2015","","aufwand","ktn_gdn_be","CHF","fs"
"3866","","2015","","aufwand","ktn_gdn_be","CHF","fs"
"3867","","2015","","aufwand","ktn_gdn_be","CHF","fs"
"3868","","2015","","aufwand","ktn_gdn_be","CHF","fs"
"387","","2015","","aufwand","ktn_gdn_be","CHF","fs"
"389","","2015","257786000.89","aufwand","ktn_gdn_be","CHF","fs"
"4000","","2015","5310937990.92","ertrag","ktn_gdn_be","CHF","fs"
"4001","","2015","524796551.24","ertrag","ktn_gdn_be","CHF","fs"
"4002","","2015","199819965","ertrag","ktn_gdn_be","CHF","fs"
"4008","","2015","","ertrag","ktn_gdn_be","CHF","fs"
"4009","","2015","","ertrag","ktn_gdn_be","CHF","fs"
"4010","","2015","855648274.08","ertrag","ktn_gdn_be","CHF","fs"
"4011","","2015","29103859.77","ertrag","ktn_gdn_be","CHF","fs"
"4012","","2015","","ertrag","ktn_gdn_be","CHF","fs"
"4019","","2015","","ertrag","ktn_gdn_be","CHF","fs"
"4020","","2015","","ertrag","ktn_gdn_be","CHF","fs"
"4021","","2015","229043776","ertrag","ktn_gdn_be","CHF","fs"
"4022","","2015","193378439.84","ertrag","ktn_gdn_be","CHF","fs"
"4023","","2015","80236697.37","ertrag","ktn_gdn_be","CHF","fs"
"4024","","2015","86764603.6","ertrag","ktn_gdn_be","CHF","fs"
"4025","","2015","1742915","ertrag","ktn_gdn_be","CHF","fs"
"4030","","2015","250364068","ertrag","ktn_gdn_be","CHF","fs"
"4031","","2015","","ertrag","ktn_gdn_be","CHF","fs"
"4032","","2015","","ertrag","ktn_gdn_be","CHF","fs"
"4033","","2015","3945869.98","ertrag","ktn_gdn_be","CHF","fs"
"4039","","2015","13670275.97","ertrag","ktn_gdn_be","CHF","fs"
"4040","","2015","","ertrag","ktn_gdn_be","CHF","fs"
"4041","","2015","","ertrag","ktn_gdn_be","CHF","fs"
"4042","","2015","","ertrag","ktn_gdn_be","CHF","fs"
"4043","","2015","","ertrag","ktn_gdn_be","CHF","fs"
"4044","","2015","","ertrag","ktn_gdn_be","CHF","fs"
"4045","","2015","","ertrag","ktn_gdn_be","CHF","fs"
"4046","","2015","","ertrag","ktn_gdn_be","CHF","fs"
"4047","","2015","","ertrag","ktn_gdn_be","CHF","fs"
"4049","","2015","","ertrag","ktn_gdn_be","CHF","fs"
"4050","","2015","","ertrag","ktn_gdn_be","CHF","fs"
"4051","","2015","","ertrag","ktn_gdn_be","CHF","fs"
"4052","","2015","","ertrag","ktn_gdn_be","CHF","fs"
"4053","","2015","","ertrag","ktn_gdn_be","CHF","fs"
"4059","","2015","","ertrag","ktn_gdn_be","CHF","fs"
"4060","","2015","","ertrag","ktn_gdn_be","CHF","fs"
"4070","","2015","","ertrag","ktn_gdn_be","CHF","fs"
"4071","","2015","","ertrag","ktn_gdn_be","CHF","fs"
"4072","","2015","","ertrag","ktn_gdn_be","CHF","fs"
"4079","","2015","","ertrag","ktn_gdn_be","CHF","fs"
"410","","2015","4293918.47","ertrag","ktn_gdn_be","CHF","fs"
"411","","2015","164322977","ertrag","ktn_gdn_be","CHF","fs"
"412","","2015","89480215.67","ertrag","ktn_gdn_be","CHF","fs"
"413","","2015","58584058","ertrag","ktn_gdn_be","CHF","fs"
"420","","2015","51798205.54","ertrag","ktn_gdn_be","CHF","fs"
"421","","2015","276683896.74","ertrag","ktn_gdn_be","CHF","fs"
"422","","2015","70154144.86","ertrag","ktn_gdn_be","CHF","fs"
"423","","2015","60020587.85","ertrag","ktn_gdn_be","CHF","fs"
"424","","2015","687051288.85","ertrag","ktn_gdn_be","CHF","fs"
"425","","2015","279350999.26","ertrag","ktn_gdn_be","CHF","fs"
"426","","2015","629075559.4","ertrag","ktn_gdn_be","CHF","fs"
"427","","2015","91295879.78","ertrag","ktn_gdn_be","CHF","fs"
"429","","2015","1492355","ertrag","ktn_gdn_be","CHF","fs"
"430","","2015","301087","ertrag","ktn_gdn_be","CHF","fs"
"431","","2015","9377335.87","ertrag","ktn_gdn_be","CHF","fs"
"432","","2015","","ertrag","ktn_gdn_be","CHF","fs"
"439","","2015","8844294.95","ertrag","ktn_gdn_be","CHF","fs"
"440","","2015","74559553","ertrag","ktn_gdn_be","CHF","fs"
"441","","2015","69741254.05","ertrag","ktn_gdn_be","CHF","fs"
"442","","2015","663403.6","ertrag","ktn_gdn_be","CHF","fs"
"443","","2015","136767691.46","ertrag","ktn_gdn_be","CHF","fs"
"444","","2015","22230586.44","ertrag","ktn_gdn_be","CHF","fs"
"445","","2015","7931224.31","ertrag","ktn_gdn_be","CHF","fs"
"446","","2015","148692637.05","ertrag","ktn_gdn_be","CHF","fs"
"447","","2015","79912438","ertrag","ktn_gdn_be","CHF","fs"
"448","","2015","2380731","ertrag","ktn_gdn_be","CHF","fs"
"449","","2015","","ertrag","ktn_gdn_be","CHF","fs"
"450","","2015","439164","ertrag","ktn_gdn_be","CHF","fs"
"451","","2015","12321522","ertrag","ktn_gdn_be","CHF","fs"
"452","","2015","329296025.03","ertrag","ktn_gdn_be","CHF","fs"
"46000","","2015","226369046","ertrag","ktn_gdn_be","CHF","fs"
"46001","","2015","78998769","ertrag","ktn_gdn_be","CHF","fs"
"46002","","2015","4053738","ertrag","ktn_gdn_be","CHF","fs"
"46003","","2015","3144680","ertrag","ktn_gdn_be","CHF","fs"
"46004","","2015","","ertrag","ktn_gdn_be","CHF","fs"
"46005","","2015","44736041.8","ertrag","ktn_gdn_be","CHF","fs"
"46006","","2015","","ertrag","ktn_gdn_be","CHF","fs"
"46007","","2015","974894","ertrag","ktn_gdn_be","CHF","fs"
"46008","","2015","60914392.5","ertrag","ktn_gdn_be","CHF","fs"
"46009","","2015","307009","ertrag","ktn_gdn_be","CHF","fs"
"46010","","2015","","ertrag","ktn_gdn_be","CHF","fs"
"46011","","2015","","ertrag","ktn_gdn_be","CHF","fs"
"46012","","2015","","ertrag","ktn_gdn_be","CHF","fs"
"46019","","2015","","ertrag","ktn_gdn_be","CHF","fs"
"4603","","2015","","ertrag","ktn_gdn_be","CHF","fs"
"4604","","2015","","ertrag","ktn_gdn_be","CHF","fs"
"4610","","2015","201931513.48","ertrag","ktn_gdn_be","CHF","fs"
"4611","","2015","27283967.26","ertrag","ktn_gdn_be","CHF","fs"
"4612","","2015","","ertrag","ktn_gdn_be","CHF","fs"
"4613","","2015","48767424.4","ertrag","ktn_gdn_be","CHF","fs"
"4614","","2015","","ertrag","ktn_gdn_be","CHF","fs"
"46201","","2015","680550124.36","ertrag","ktn_gdn_be","CHF","fs"
"46202","","2015","23661543.37","ertrag","ktn_gdn_be","CHF","fs"
"46203","","2015","28112094.55","ertrag","ktn_gdn_be","CHF","fs"
"46204","","2015","34756440","ertrag","ktn_gdn_be","CHF","fs"
"46209","","2015","","ertrag","ktn_gdn_be","CHF","fs"
"46211","","2015","464758516.63","ertrag","ktn_gdn_be","CHF","fs"
"46212","","2015","","ertrag","ktn_gdn_be","CHF","fs"
"46213","","2015","","ertrag","ktn_gdn_be","CHF","fs"
"46214","","2015","17378220","ertrag","ktn_gdn_be","CHF","fs"
"46215","","2015","","ertrag","ktn_gdn_be","CHF","fs"
"46216","","2015","","ertrag","ktn_gdn_be","CHF","fs"
"46217","","2015","","ertrag","ktn_gdn_be","CHF","fs"
"46225","","2015","","ertrag","ktn_gdn_be","CHF","fs"
"46226","","2015","","ertrag","ktn_gdn_be","CHF","fs"
"46227","","2015","","ertrag","ktn_gdn_be","CHF","fs"
"46228","","2015","","ertrag","ktn_gdn_be","CHF","fs"
"4624","","2015","","ertrag","ktn_gdn_be","CHF","fs"
"4629","","2015","","ertrag","ktn_gdn_be","CHF","fs"
"4630","","2015","1531330794.82","ertrag","ktn_gdn_be","CHF","fs"
"4631","","2015","168380438.55","ertrag","ktn_gdn_be","CHF","fs"
"4632","","2015","","ertrag","ktn_gdn_be","CHF","fs"
"4633","","2015","","ertrag","ktn_gdn_be","CHF","fs"
"4634","","2015","12344213.98","ertrag","ktn_gdn_be","CHF","fs"
"4635","","2015","167187.1","ertrag","ktn_gdn_be","CHF","fs"
"4636","","2015","4304801.32","ertrag","ktn_gdn_be","CHF","fs"
"4637","","2015","","ertrag","ktn_gdn_be","CHF","fs"
"4638","","2015","32037548","ertrag","ktn_gdn_be","CHF","fs"
"466","","2015","","ertrag","ktn_gdn_be","CHF","fs"
"469","","2015","2103566.88","ertrag","ktn_gdn_be","CHF","fs"
"481","","2015","","ertrag","ktn_gdn_be","CHF","fs"
"482","","2015","","ertrag","ktn_gdn_be","CHF","fs"
"483","","2015","","ertrag","ktn_gdn_be","CHF","fs"
"484","","2015","","ertrag","ktn_gdn_be","CHF","fs"
"485","","2015","","ertrag","ktn_gdn_be","CHF","fs"
"4860","","2015","","ertrag","ktn_gdn_be","CHF","fs"
"4861","","2015","","ertrag","ktn_gdn_be","CHF","fs"
"4862","","2015","","ertrag","ktn_gdn_be","CHF","fs"
"4863","","2015","","ertrag","ktn_gdn_be","CHF","fs"
"4864","","2015","","ertrag","ktn_gdn_be","CHF","fs"
"4865","","2015","","ertrag","ktn_gdn_be","CHF","fs"
"4866","","2015","","ertrag","ktn_gdn_be","CHF","fs"
"4867","","2015","","ertrag","ktn_gdn_be","CHF","fs"
"4868","","2015","","ertrag","ktn_gdn_be","CHF","fs"
"4870","","2015","","ertrag","ktn_gdn_be","CHF","fs"
"489","","2015","7565295","ertrag","ktn_gdn_be","CHF","fs"
"empty","","2015","","fir","ktn_gdn_be","CHF","fs"
"empty","","2015","","fir","ktn_gdn_be","CHF","fs"
"empty","","2015","","fir","ktn_gdn_be","CHF","fs"
"empty","","2015","","fir","ktn_gdn_be","CHF","fs"
"empty","","2015","","fir","ktn_gdn_be","CHF","fs"
"300","","2015","87206685.28","ausgaben","ktn_gdn_be","CHF","fs"
"301","","2015","2170327380.17","ausgaben","ktn_gdn_be","CHF","fs"
"302","","2015","1720888058.43","ausgaben","ktn_gdn_be","CHF","fs"
"303","","2015","15563019.16","ausgaben","ktn_gdn_be","CHF","fs"
"304","","2015","10096852.53","ausgaben","ktn_gdn_be","CHF","fs"
"305","","2015","733922625.45","ausgaben","ktn_gdn_be","CHF","fs"
"306","","2015","9231350.05","ausgaben","ktn_gdn_be","CHF","fs"
"309","","2015","48149147.23","ausgaben","ktn_gdn_be","CHF","fs"
"310","","2015","233187860.42","ausgaben","ktn_gdn_be","CHF","fs"
"311","","2015","84565047.81","ausgaben","ktn_gdn_be","CHF","fs"
"312","","2015","240435431.11","ausgaben","ktn_gdn_be","CHF","fs"
"313","","2015","786979117.58","ausgaben","ktn_gdn_be","CHF","fs"
"314","","2015","223905765.86","ausgaben","ktn_gdn_be","CHF","fs"
"315","","2015","96026749.69","ausgaben","ktn_gdn_be","CHF","fs"
"316","","2015","136740408.86","ausgaben","ktn_gdn_be","CHF","fs"
"317","","2015","60505947.1","ausgaben","ktn_gdn_be","CHF","fs"
"318","","2015","141273573.78","ausgaben","ktn_gdn_be","CHF","fs"
"319","","2015","188357637.82","ausgaben","ktn_gdn_be","CHF","fs"
"320","","2015","","ausgaben","ktn_gdn_be","CHF","fs"
"340","","2015","234215686.9","ausgaben","ktn_gdn_be","CHF","fs"
"341","","2015","6294509.15","ausgaben","ktn_gdn_be","CHF","fs"
"342","","2015","867838","ausgaben","ktn_gdn_be","CHF","fs"
"343","","2015","28450587.17","ausgaben","ktn_gdn_be","CHF","fs"
"349","","2015","248837.84","ausgaben","ktn_gdn_be","CHF","fs"
"3600","","2015","","ausgaben","ktn_gdn_be","CHF","fs"
"36010","","2015","","ausgaben","ktn_gdn_be","CHF","fs"
"36011","","2015","","ausgaben","ktn_gdn_be","CHF","fs"
"36012","","2015","","ausgaben","ktn_gdn_be","CHF","fs"
"36013","","2015","","ausgaben","ktn_gdn_be","CHF","fs"
"36014","","2015","","ausgaben","ktn_gdn_be","CHF","fs"
"36015","","2015","","ausgaben","ktn_gdn_be","CHF","fs"
"36016","","2015","","ausgaben","ktn_gdn_be","CHF","fs"
"36017","","2015","","ausgaben","ktn_gdn_be","CHF","fs"
"36018","","2015","","ausgaben","ktn_gdn_be","CHF","fs"
"36019","","2015","","ausgaben","ktn_gdn_be","CHF","fs"
"36021","","2015","","ausgaben","ktn_gdn_be","CHF","fs"
"36022","","2015","","ausgaben","ktn_gdn_be","CHF","fs"
"36023","","2015","","ausgaben","ktn_gdn_be","CHF","fs"
"36029","","2015","","ausgaben","ktn_gdn_be","CHF","fs"
"3603","","2015","","ausgaben","ktn_gdn_be","CHF","fs"
"3604","","2015","","ausgaben","ktn_gdn_be","CHF","fs"
"3610","","2015","","ausgaben","ktn_gdn_be","CHF","fs"
"3611","","2015","26778784.83","ausgaben","ktn_gdn_be","CHF","fs"
"3612","","2015","","ausgaben","ktn_gdn_be","CHF","fs"
"3613","","2015","","ausgaben","ktn_gdn_be","CHF","fs"
"3614","","2015","55841330.65","ausgaben","ktn_gdn_be","CHF","fs"
"3620","","2015","","ausgaben","ktn_gdn_be","CHF","fs"
"36211","","2015","","ausgaben","ktn_gdn_be","CHF","fs"
"36212","","2015","","ausgaben","ktn_gdn_be","CHF","fs"
"36213","","2015","","ausgaben","ktn_gdn_be","CHF","fs"
"36214","","2015","15800978","ausgaben","ktn_gdn_be","CHF","fs"
"36215","","2015","","ausgaben","ktn_gdn_be","CHF","fs"
"36216","","2015","","ausgaben","ktn_gdn_be","CHF","fs"
"36217","","2015","","ausgaben","ktn_gdn_be","CHF","fs"
"36219","","2015","","ausgaben","ktn_gdn_be","CHF","fs"
"36221","","2015","","ausgaben","ktn_gdn_be","CHF","fs"
"36222","","2015","","ausgaben","ktn_gdn_be","CHF","fs"
"36223","","2015","","ausgaben","ktn_gdn_be","CHF","fs"
"36224","","2015","","ausgaben","ktn_gdn_be","CHF","fs"
"36225","","2015","","ausgaben","ktn_gdn_be","CHF","fs"
"36226","","2015","","ausgaben","ktn_gdn_be","CHF","fs"
"36227","","2015","","ausgaben","ktn_gdn_be","CHF","fs"
"36228","","2015","","ausgaben","ktn_gdn_be","CHF","fs"
"3624","","2015","","ausgaben","ktn_gdn_be","CHF","fs"
"3629","","2015","","ausgaben","ktn_gdn_be","CHF","fs"
"3630","","2015","","ausgaben","ktn_gdn_be","CHF","fs"
"3631","","2015","120541463.78","ausgaben","ktn_gdn_be","CHF","fs"
"3632","","2015","","ausgaben","ktn_gdn_be","CHF","fs"
"3633","","2015","20702875.63","ausgaben","ktn_gdn_be","CHF","fs"
"3634","","2015","1277277836.49","ausgaben","ktn_gdn_be","CHF","fs"
"3635","","2015","1513960018.14","ausgaben","ktn_gdn_be","CHF","fs"
"3636","","2015","1333512947.45","ausgaben","ktn_gdn_be","CHF","fs"
"3637","","2015","1607893372.12","ausgaben","ktn_gdn_be","CHF","fs"
"3638","","2015","10354936.38","ausgaben","ktn_gdn_be","CHF","fs"
"3639","","2015","32570536.42","ausgaben","ktn_gdn_be","CHF","fs"
"369","","2015","","ausgaben","ktn_gdn_be","CHF","fs"
"380","","2015","1988192318.95","ausgaben","ktn_gdn_be","CHF","fs"
"381","","2015","","ausgaben","ktn_gdn_be","CHF","fs"
"384","","2015","","ausgaben","ktn_gdn_be","CHF","fs"
"3860","","2015","","ausgaben","ktn_gdn_be","CHF","fs"
"3861","","2015","","ausgaben","ktn_gdn_be","CHF","fs"
"3862","","2015","","ausgaben","ktn_gdn_be","CHF","fs"
"3863","","2015","","ausgaben","ktn_gdn_be","CHF","fs"
"3864","","2015","","ausgaben","ktn_gdn_be","CHF","fs"
"3865","","2015","","ausgaben","ktn_gdn_be","CHF","fs"
"3866","","2015","","ausgaben","ktn_gdn_be","CHF","fs"
"3867","","2015","","ausgaben","ktn_gdn_be","CHF","fs"
"3868","","2015","","ausgaben","ktn_gdn_be","CHF","fs"
"500","","2015","10961420.04","ausgaben","ktn_gdn_be","CHF","fs"
"503","","2015","650684143.85","ausgaben","ktn_gdn_be","CHF","fs"
"504","","2015","462748746.14","ausgaben","ktn_gdn_be","CHF","fs"
"505","","2015","194662.76","ausgaben","ktn_gdn_be","CHF","fs"
"506","","2015","78259562.23","ausgaben","ktn_gdn_be","CHF","fs"
"509","","2015","5342276.08","ausgaben","ktn_gdn_be","CHF","fs"
"510","","2015","114631","ausgaben","ktn_gdn_be","CHF","fs"
"513","","2015","","ausgaben","ktn_gdn_be","CHF","fs"
"514","","2015","","ausgaben","ktn_gdn_be","CHF","fs"
"515","","2015","","ausgaben","ktn_gdn_be","CHF","fs"
"516","","2015","82759","ausgaben","ktn_gdn_be","CHF","fs"
"519","","2015","","ausgaben","ktn_gdn_be","CHF","fs"
"520","","2015","3045269","ausgaben","ktn_gdn_be","CHF","fs"
"521","","2015","","ausgaben","ktn_gdn_be","CHF","fs"
"529","","2015","53187287.23","ausgaben","ktn_gdn_be","CHF","fs"
"530","","2015","","ausgaben","ktn_gdn_be","CHF","fs"
"531","","2015","","ausgaben","ktn_gdn_be","CHF","fs"
"532","","2015","112000","ausgaben","ktn_gdn_be","CHF","fs"
"533","","2015","","ausgaben","ktn_gdn_be","CHF","fs"
"534","","2015","819372.7","ausgaben","ktn_gdn_be","CHF","fs"
"535","","2015","4180600","ausgaben","ktn_gdn_be","CHF","fs"
"536","","2015","","ausgaben","ktn_gdn_be","CHF","fs"
"537","","2015","","ausgaben","ktn_gdn_be","CHF","fs"
"538","","2015","","ausgaben","ktn_gdn_be","CHF","fs"
"540","","2015","","ausgaben","ktn_gdn_be","CHF","fs"
"541","","2015","","ausgaben","ktn_gdn_be","CHF","fs"
"542","","2015","3e+05","ausgaben","ktn_gdn_be","CHF","fs"
"543","","2015","","ausgaben","ktn_gdn_be","CHF","fs"
"544","","2015","3556400","ausgaben","ktn_gdn_be","CHF","fs"
"545","","2015","7795657.83","ausgaben","ktn_gdn_be","CHF","fs"
"546","","2015","28430353.15","ausgaben","ktn_gdn_be","CHF","fs"
"547","","2015","","ausgaben","ktn_gdn_be","CHF","fs"
"548","","2015","","ausgaben","ktn_gdn_be","CHF","fs"
"549","","2015","","ausgaben","ktn_gdn_be","CHF","fs"
"550","","2015","","ausgaben","ktn_gdn_be","CHF","fs"
"551","","2015","","ausgaben","ktn_gdn_be","CHF","fs"
"552","","2015","","ausgaben","ktn_gdn_be","CHF","fs"
"553","","2015","","ausgaben","ktn_gdn_be","CHF","fs"
"554","","2015","27186047.06","ausgaben","ktn_gdn_be","CHF","fs"
"555","","2015","10760370.18","ausgaben","ktn_gdn_be","CHF","fs"
"556","","2015","29270459","ausgaben","ktn_gdn_be","CHF","fs"
"557","","2015","","ausgaben","ktn_gdn_be","CHF","fs"
"558","","2015","","ausgaben","ktn_gdn_be","CHF","fs"
"570","","2015","","ausgaben","ktn_gdn_be","CHF","fs"
"571","","2015","135553.95","ausgaben","ktn_gdn_be","CHF","fs"
"572","","2015","","ausgaben","ktn_gdn_be","CHF","fs"
"573","","2015","","ausgaben","ktn_gdn_be","CHF","fs"
"574","","2015","138304607.32","ausgaben","ktn_gdn_be","CHF","fs"
"575","","2015","80503739.14","ausgaben","ktn_gdn_be","CHF","fs"
"576","","2015","59643546.12","ausgaben","ktn_gdn_be","CHF","fs"
"577","","2015","298096.65","ausgaben","ktn_gdn_be","CHF","fs"
"578","","2015","","ausgaben","ktn_gdn_be","CHF","fs"
"580","","2015","","ausgaben","ktn_gdn_be","CHF","fs"
"582","","2015","","ausgaben","ktn_gdn_be","CHF","fs"
"584","","2015","","ausgaben","ktn_gdn_be","CHF","fs"
"585","","2015","","ausgaben","ktn_gdn_be","CHF","fs"
"5870","","2015","","ausgaben","ktn_gdn_be","CHF","fs"
"5871","","2015","","ausgaben","ktn_gdn_be","CHF","fs"
"5872","","2015","","ausgaben","ktn_gdn_be","CHF","fs"
"5873","","2015","","ausgaben","ktn_gdn_be","CHF","fs"
"5874","","2015","","ausgaben","ktn_gdn_be","CHF","fs"
"5875","","2015","","ausgaben","ktn_gdn_be","CHF","fs"
"5876","","2015","","ausgaben","ktn_gdn_be","CHF","fs"
"5877","","2015","","ausgaben","ktn_gdn_be","CHF","fs"
"5878","","2015","","ausgaben","ktn_gdn_be","CHF","fs"
"589","","2015","","ausgaben","ktn_gdn_be","CHF","fs"
"4000","","2015","5310937990.92","einnahmen","ktn_gdn_be","CHF","fs"
"4001","","2015","524796551.24","einnahmen","ktn_gdn_be","CHF","fs"
"4002","","2015","199819965","einnahmen","ktn_gdn_be","CHF","fs"
"4008","","2015","","einnahmen","ktn_gdn_be","CHF","fs"
"4009","","2015","","einnahmen","ktn_gdn_be","CHF","fs"
"4010","","2015","855648274.08","einnahmen","ktn_gdn_be","CHF","fs"
"4011","","2015","29103859.77","einnahmen","ktn_gdn_be","CHF","fs"
"4012","","2015","","einnahmen","ktn_gdn_be","CHF","fs"
"4019","","2015","","einnahmen","ktn_gdn_be","CHF","fs"
"4020","","2015","","einnahmen","ktn_gdn_be","CHF","fs"
"4021","","2015","229043776","einnahmen","ktn_gdn_be","CHF","fs"
"4022","","2015","193378439.84","einnahmen","ktn_gdn_be","CHF","fs"
"4023","","2015","80236697.37","einnahmen","ktn_gdn_be","CHF","fs"
"4024","","2015","86764603.6","einnahmen","ktn_gdn_be","CHF","fs"
"4025","","2015","1742915","einnahmen","ktn_gdn_be","CHF","fs"
"4030","","2015","250364068","einnahmen","ktn_gdn_be","CHF","fs"
"4031","","2015","","einnahmen","ktn_gdn_be","CHF","fs"
"4032","","2015","","einnahmen","ktn_gdn_be","CHF","fs"
"4033","","2015","3945869.98","einnahmen","ktn_gdn_be","CHF","fs"
"4039","","2015","13670275.97","einnahmen","ktn_gdn_be","CHF","fs"
"4040","","2015","","einnahmen","ktn_gdn_be","CHF","fs"
"4041","","2015","","einnahmen","ktn_gdn_be","CHF","fs"
"4042","","2015","","einnahmen","ktn_gdn_be","CHF","fs"
"4043","","2015","","einnahmen","ktn_gdn_be","CHF","fs"
"4044","","2015","","einnahmen","ktn_gdn_be","CHF","fs"
"4045","","2015","","einnahmen","ktn_gdn_be","CHF","fs"
"4046","","2015","","einnahmen","ktn_gdn_be","CHF","fs"
"4047","","2015","","einnahmen","ktn_gdn_be","CHF","fs"
"4049","","2015","","einnahmen","ktn_gdn_be","CHF","fs"
"4050","","2015","","einnahmen","ktn_gdn_be","CHF","fs"
"4051","","2015","","einnahmen","ktn_gdn_be","CHF","fs"
"4052","","2015","","einnahmen","ktn_gdn_be","CHF","fs"
"4053","","2015","","einnahmen","ktn_gdn_be","CHF","fs"
"4059","","2015","","einnahmen","ktn_gdn_be","CHF","fs"
"4060","","2015","","einnahmen","ktn_gdn_be","CHF","fs"
"4070","","2015","","einnahmen","ktn_gdn_be","CHF","fs"
"4071","","2015","","einnahmen","ktn_gdn_be","CHF","fs"
"4072","","2015","","einnahmen","ktn_gdn_be","CHF","fs"
"4079","","2015","","einnahmen","ktn_gdn_be","CHF","fs"
"410","","2015","4293918.47","einnahmen","ktn_gdn_be","CHF","fs"
"411","","2015","164322977","einnahmen","ktn_gdn_be","CHF","fs"
"412","","2015","89480215.67","einnahmen","ktn_gdn_be","CHF","fs"
"413","","2015","58584058","einnahmen","ktn_gdn_be","CHF","fs"
"420","","2015","51798205.54","einnahmen","ktn_gdn_be","CHF","fs"
"421","","2015","276683896.74","einnahmen","ktn_gdn_be","CHF","fs"
"422","","2015","70154144.86","einnahmen","ktn_gdn_be","CHF","fs"
"423","","2015","60020587.85","einnahmen","ktn_gdn_be","CHF","fs"
"424","","2015","687051288.85","einnahmen","ktn_gdn_be","CHF","fs"
"425","","2015","279350999.26","einnahmen","ktn_gdn_be","CHF","fs"
"426","","2015","629075559.4","einnahmen","ktn_gdn_be","CHF","fs"
"427","","2015","91295879.78","einnahmen","ktn_gdn_be","CHF","fs"
"429","","2015","1492355","einnahmen","ktn_gdn_be","CHF","fs"
"430","","2015","301087","einnahmen","ktn_gdn_be","CHF","fs"
"431","","2015","9377335.87","einnahmen","ktn_gdn_be","CHF","fs"
"432","","2015","","einnahmen","ktn_gdn_be","CHF","fs"
"439","","2015","8844294.95","einnahmen","ktn_gdn_be","CHF","fs"
"440","","2015","74559553","einnahmen","ktn_gdn_be","CHF","fs"
"441","","2015","69741254.05","einnahmen","ktn_gdn_be","CHF","fs"
"442","","2015","663403.6","einnahmen","ktn_gdn_be","CHF","fs"
"443","","2015","136767691.46","einnahmen","ktn_gdn_be","CHF","fs"
"445","","2015","7931224.31","einnahmen","ktn_gdn_be","CHF","fs"
"446","","2015","148692637.05","einnahmen","ktn_gdn_be","CHF","fs"
"447","","2015","79912438","einnahmen","ktn_gdn_be","CHF","fs"
"448","","2015","2380731","einnahmen","ktn_gdn_be","CHF","fs"
"449","","2015","","einnahmen","ktn_gdn_be","CHF","fs"
"46000","","2015","226369046","einnahmen","ktn_gdn_be","CHF","fs"
"46001","","2015","78998769","einnahmen","ktn_gdn_be","CHF","fs"
"46002","","2015","4053738","einnahmen","ktn_gdn_be","CHF","fs"
"46003","","2015","3144680","einnahmen","ktn_gdn_be","CHF","fs"
"46004","","2015","","einnahmen","ktn_gdn_be","CHF","fs"
"46005","","2015","44736041.8","einnahmen","ktn_gdn_be","CHF","fs"
"46006","","2015","","einnahmen","ktn_gdn_be","CHF","fs"
"46007","","2015","974894","einnahmen","ktn_gdn_be","CHF","fs"
"46008","","2015","60914392.5","einnahmen","ktn_gdn_be","CHF","fs"
"46009","","2015","307009","einnahmen","ktn_gdn_be","CHF","fs"
"46010","","2015","","einnahmen","ktn_gdn_be","CHF","fs"
"46011","","2015","","einnahmen","ktn_gdn_be","CHF","fs"
"46012","","2015","","einnahmen","ktn_gdn_be","CHF","fs"
"46019","","2015","","einnahmen","ktn_gdn_be","CHF","fs"
"4603","","2015","","einnahmen","ktn_gdn_be","CHF","fs"
"4604","","2015","","einnahmen","ktn_gdn_be","CHF","fs"
"4610","","2015","201931513.48","einnahmen","ktn_gdn_be","CHF","fs"
"4611","","2015","27283967.26","einnahmen","ktn_gdn_be","CHF","fs"
"4612","","2015","","einnahmen","ktn_gdn_be","CHF","fs"
"4613","","2015","48767424.4","einnahmen","ktn_gdn_be","CHF","fs"
"4614","","2015","","einnahmen","ktn_gdn_be","CHF","fs"
"46201","","2015","680550124.36","einnahmen","ktn_gdn_be","CHF","fs"
"46202","","2015","23661543.37","einnahmen","ktn_gdn_be","CHF","fs"
"46203","","2015","28112094.55","einnahmen","ktn_gdn_be","CHF","fs"
"46204","","2015","34756440","einnahmen","ktn_gdn_be","CHF","fs"
"46209","","2015","","einnahmen","ktn_gdn_be","CHF","fs"
"46211","","2015","464758516.63","einnahmen","ktn_gdn_be","CHF","fs"
"46212","","2015","","einnahmen","ktn_gdn_be","CHF","fs"
"46213","","2015","","einnahmen","ktn_gdn_be","CHF","fs"
"46214","","2015","17378220","einnahmen","ktn_gdn_be","CHF","fs"
"46215","","2015","","einnahmen","ktn_gdn_be","CHF","fs"
"46216","","2015","","einnahmen","ktn_gdn_be","CHF","fs"
"46217","","2015","","einnahmen","ktn_gdn_be","CHF","fs"
"46225","","2015","","einnahmen","ktn_gdn_be","CHF","fs"
"46226","","2015","","einnahmen","ktn_gdn_be","CHF","fs"
"46227","","2015","","einnahmen","ktn_gdn_be","CHF","fs"
"46228","","2015","","einnahmen","ktn_gdn_be","CHF","fs"
"4624","","2015","","einnahmen","ktn_gdn_be","CHF","fs"
"4629","","2015","","einnahmen","ktn_gdn_be","CHF","fs"
"4630","","2015","1531330794.82","einnahmen","ktn_gdn_be","CHF","fs"
"4631","","2015","168380438.55","einnahmen","ktn_gdn_be","CHF","fs"
"4632","","2015","","einnahmen","ktn_gdn_be","CHF","fs"
"4633","","2015","","einnahmen","ktn_gdn_be","CHF","fs"
"4634","","2015","12344213.98","einnahmen","ktn_gdn_be","CHF","fs"
"4635","","2015","167187.1","einnahmen","ktn_gdn_be","CHF","fs"
"4636","","2015","4304801.32","einnahmen","ktn_gdn_be","CHF","fs"
"4637","","2015","","einnahmen","ktn_gdn_be","CHF","fs"
"4638","","2015","32037548","einnahmen","ktn_gdn_be","CHF","fs"
"469","","2015","2103566.88","einnahmen","ktn_gdn_be","CHF","fs"
"481","","2015","","einnahmen","ktn_gdn_be","CHF","fs"
"482","","2015","","einnahmen","ktn_gdn_be","CHF","fs"
"483","","2015","","einnahmen","ktn_gdn_be","CHF","fs"
"484","","2015","","einnahmen","ktn_gdn_be","CHF","fs"
"4860","","2015","","einnahmen","ktn_gdn_be","CHF","fs"
"4861","","2015","","einnahmen","ktn_gdn_be","CHF","fs"
"4862","","2015","","einnahmen","ktn_gdn_be","CHF","fs"
"4863","","2015","","einnahmen","ktn_gdn_be","CHF","fs"
"4864","","2015","","einnahmen","ktn_gdn_be","CHF","fs"
"4865","","2015","","einnahmen","ktn_gdn_be","CHF","fs"
"4866","","2015","","einnahmen","ktn_gdn_be","CHF","fs"
"4867","","2015","","einnahmen","ktn_gdn_be","CHF","fs"
"4868","","2015","","einnahmen","ktn_gdn_be","CHF","fs"
"600","","2015","401047.86","einnahmen","ktn_gdn_be","CHF","fs"
"603","","2015","1514038.83","einnahmen","ktn_gdn_be","CHF","fs"
"604","","2015","9207466.15","einnahmen","ktn_gdn_be","CHF","fs"
"605","","2015","","einnahmen","ktn_gdn_be","CHF","fs"
"606","","2015","1391034.83","einnahmen","ktn_gdn_be","CHF","fs"
"609","","2015","5637748","einnahmen","ktn_gdn_be","CHF","fs"
"610","","2015","","einnahmen","ktn_gdn_be","CHF","fs"
"613","","2015","10172101.92","einnahmen","ktn_gdn_be","CHF","fs"
"614","","2015","729504.92","einnahmen","ktn_gdn_be","CHF","fs"
"615","","2015","","einnahmen","ktn_gdn_be","CHF","fs"
"616","","2015","81300.8","einnahmen","ktn_gdn_be","CHF","fs"
"619","","2015","139289","einnahmen","ktn_gdn_be","CHF","fs"
"620","","2015","","einnahmen","ktn_gdn_be","CHF","fs"
"621","","2015","","einnahmen","ktn_gdn_be","CHF","fs"
"629","","2015","2241","einnahmen","ktn_gdn_be","CHF","fs"
"630","","2015","","einnahmen","ktn_gdn_be","CHF","fs"
"631","","2015","","einnahmen","ktn_gdn_be","CHF","fs"
"632","","2015","2678715","einnahmen","ktn_gdn_be","CHF","fs"
"633","","2015","","einnahmen","ktn_gdn_be","CHF","fs"
"634","","2015","11577530","einnahmen","ktn_gdn_be","CHF","fs"
"635","","2015","3507075","einnahmen","ktn_gdn_be","CHF","fs"
"636","","2015","","einnahmen","ktn_gdn_be","CHF","fs"
"637","","2015","","einnahmen","ktn_gdn_be","CHF","fs"
"638","","2015","","einnahmen","ktn_gdn_be","CHF","fs"
"640","","2015","","einnahmen","ktn_gdn_be","CHF","fs"
"641","","2015","","einnahmen","ktn_gdn_be","CHF","fs"
"642","","2015","","einnahmen","ktn_gdn_be","CHF","fs"
"643","","2015","","einnahmen","ktn_gdn_be","CHF","fs"
"644","","2015","8868965.97","einnahmen","ktn_gdn_be","CHF","fs"
"645","","2015","1833094.08","einnahmen","ktn_gdn_be","CHF","fs"
"646","","2015","3818102.19","einnahmen","ktn_gdn_be","CHF","fs"
"647","","2015","","einnahmen","ktn_gdn_be","CHF","fs"
"648","","2015","","einnahmen","ktn_gdn_be","CHF","fs"
"649","","2015","","einnahmen","ktn_gdn_be","CHF","fs"
"650","","2015","","einnahmen","ktn_gdn_be","CHF","fs"
"651","","2015","","einnahmen","ktn_gdn_be","CHF","fs"
"652","","2015","","einnahmen","ktn_gdn_be","CHF","fs"
"653","","2015","","einnahmen","ktn_gdn_be","CHF","fs"
"654","","2015","2041791.88","einnahmen","ktn_gdn_be","CHF","fs"
"655","","2015","1927.31","einnahmen","ktn_gdn_be","CHF","fs"
"656","","2015","","einnahmen","ktn_gdn_be","CHF","fs"
"657","","2015","","einnahmen","ktn_gdn_be","CHF","fs"
"658","","2015","","einnahmen","ktn_gdn_be","CHF","fs"
"660","","2015","10781473.35","einnahmen","ktn_gdn_be","CHF","fs"
"661","","2015","","einnahmen","ktn_gdn_be","CHF","fs"
"662","","2015","","einnahmen","ktn_gdn_be","CHF","fs"
"663","","2015","","einnahmen","ktn_gdn_be","CHF","fs"
"664","","2015","445377.82","einnahmen","ktn_gdn_be","CHF","fs"
"665","","2015","61131","einnahmen","ktn_gdn_be","CHF","fs"
"666","","2015","400598.2","einnahmen","ktn_gdn_be","CHF","fs"
"667","","2015","","einnahmen","ktn_gdn_be","CHF","fs"
"668","","2015","","einnahmen","ktn_gdn_be","CHF","fs"
"670","","2015","285780930.93","einnahmen","ktn_gdn_be","CHF","fs"
"671","","2015","645627","einnahmen","ktn_gdn_be","CHF","fs"
"672","","2015","","einnahmen","ktn_gdn_be","CHF","fs"
"673","","2015","","einnahmen","ktn_gdn_be","CHF","fs"
"674","","2015","12510461.46","einnahmen","ktn_gdn_be","CHF","fs"
"675","","2015","5331214.27","einnahmen","ktn_gdn_be","CHF","fs"
"676","","2015","468199.3","einnahmen","ktn_gdn_be","CHF","fs"
"677","","2015","59364731.63","einnahmen","ktn_gdn_be","CHF","fs"
"678","","2015","","einnahmen","ktn_gdn_be","CHF","fs"
"680","","2015","","einnahmen","ktn_gdn_be","CHF","fs"
"682","","2015","","einnahmen","ktn_gdn_be","CHF","fs"
"684","","2015","","einnahmen","ktn_gdn_be","CHF","fs"
"685","","2015","","einnahmen","ktn_gdn_be","CHF","fs"
"686","","2015","","einnahmen","ktn_gdn_be","CHF","fs"
"6870","","2015","","einnahmen","ktn_gdn_be","CHF","fs"
"6871","","2015","","einnahmen","ktn_gdn_be","CHF","fs"
"6872","","2015","","einnahmen","ktn_gdn_be","CHF","fs"
"6873","","2015","","einnahmen","ktn_gdn_be","CHF","fs"
"6874","","2015","","einnahmen","ktn_gdn_be","CHF","fs"
"6875","","2015","","einnahmen","ktn_gdn_be","CHF","fs"
"6876","","2015","","einnahmen","ktn_gdn_be","CHF","fs"
"6877","","2015","","einnahmen","ktn_gdn_be","CHF","fs"
"6878","","2015","","einnahmen","ktn_gdn_be","CHF","fs"
"689","","2015","","einnahmen","ktn_gdn_be","CHF","fs"
"","01","2015","68647515.93","ausgaben_funk","ktn_gdn_be","CHF","fs"
"","02","2015","2825659804.63","ausgaben_funk","ktn_gdn_be","CHF","fs"
"","03","2015","","ausgaben_funk","ktn_gdn_be","CHF","fs"
"","08","2015","","ausgaben_funk","ktn_gdn_be","CHF","fs"
"","11","2015","455641294.79","ausgaben_funk","ktn_gdn_be","CHF","fs"
"","12","2015","215835083.49","ausgaben_funk","ktn_gdn_be","CHF","fs"
"","13","2015","150272587.54","ausgaben_funk","ktn_gdn_be","CHF","fs"
"","14","2015","344487764.38","ausgaben_funk","ktn_gdn_be","CHF","fs"
"","15","2015","85372515.26","ausgaben_funk","ktn_gdn_be","CHF","fs"
"","16","2015","48922430.44","ausgaben_funk","ktn_gdn_be","CHF","fs"
"","18","2015","","ausgaben_funk","ktn_gdn_be","CHF","fs"
"","21","2015","1777957306.45","ausgaben_funk","ktn_gdn_be","CHF","fs"
"","22","2015","24478590.58","ausgaben_funk","ktn_gdn_be","CHF","fs"
"","23","2015","583135628.27","ausgaben_funk","ktn_gdn_be","CHF","fs"
"","25","2015","229396166.68","ausgaben_funk","ktn_gdn_be","CHF","fs"
"","26","2015","15928170.1","ausgaben_funk","ktn_gdn_be","CHF","fs"
"","27","2015","968239869.85","ausgaben_funk","ktn_gdn_be","CHF","fs"
"","28","2015","286784728","ausgaben_funk","ktn_gdn_be","CHF","fs"
"","29","2015","81127681.3","ausgaben_funk","ktn_gdn_be","CHF","fs"
"","31","2015","66311478.08","ausgaben_funk","ktn_gdn_be","CHF","fs"
"","32","2015","170919204.43","ausgaben_funk","ktn_gdn_be","CHF","fs"
"","33","2015","8661316.54","ausgaben_funk","ktn_gdn_be","CHF","fs"
"","34","2015","169657377.06","ausgaben_funk","ktn_gdn_be","CHF","fs"
"","35","2015","72708404.56","ausgaben_funk","ktn_gdn_be","CHF","fs"
"","38","2015","","ausgaben_funk","ktn_gdn_be","CHF","fs"
"","41","2015","1418715693","ausgaben_funk","ktn_gdn_be","CHF","fs"
"","42","2015","138351253.33","ausgaben_funk","ktn_gdn_be","CHF","fs"
"","43","2015","67299226.56","ausgaben_funk","ktn_gdn_be","CHF","fs"
"","48","2015","105936000","ausgaben_funk","ktn_gdn_be","CHF","fs"
"","49","2015","18873115.14","ausgaben_funk","ktn_gdn_be","CHF","fs"
"","51","2015","334695152.16","ausgaben_funk","ktn_gdn_be","CHF","fs"
"","52","2015","826310654.46","ausgaben_funk","ktn_gdn_be","CHF","fs"
"","53","2015","587979202.89","ausgaben_funk","ktn_gdn_be","CHF","fs"
"","54","2015","267628183.79","ausgaben_funk","ktn_gdn_be","CHF","fs"
"","55","2015","97250380.04","ausgaben_funk","ktn_gdn_be","CHF","fs"
"","56","2015","1907125.46","ausgaben_funk","ktn_gdn_be","CHF","fs"
"","57","2015","1088103915.43","ausgaben_funk","ktn_gdn_be","CHF","fs"
"","58","2015","","ausgaben_funk","ktn_gdn_be","CHF","fs"
"","59","2015","3606244.69","ausgaben_funk","ktn_gdn_be","CHF","fs"
"","61","2015","860599852.23","ausgaben_funk","ktn_gdn_be","CHF","fs"
"","62","2015","386832246.11","ausgaben_funk","ktn_gdn_be","CHF","fs"
"","63","2015","1549291.01","ausgaben_funk","ktn_gdn_be","CHF","fs"
"","64","2015","106443.55","ausgaben_funk","ktn_gdn_be","CHF","fs"
"","68","2015","","ausgaben_funk","ktn_gdn_be","CHF","fs"
"","71","2015","107398087.58","ausgaben_funk","ktn_gdn_be","CHF","fs"
"","72","2015","224008898.68","ausgaben_funk","ktn_gdn_be","CHF","fs"
"","73","2015","145554371.88","ausgaben_funk","ktn_gdn_be","CHF","fs"
"","74","2015","36880140.1","ausgaben_funk","ktn_gdn_be","CHF","fs"
"","75","2015","19917629.24","ausgaben_funk","ktn_gdn_be","CHF","fs"
"","76","2015","21720700.49","ausgaben_funk","ktn_gdn_be","CHF","fs"
"","77","2015","41981322.27","ausgaben_funk","ktn_gdn_be","CHF","fs"
"","78","2015","","ausgaben_funk","ktn_gdn_be","CHF","fs"
"","79","2015","75948762.54","ausgaben_funk","ktn_gdn_be","CHF","fs"
"","81","2015","609511784.06","ausgaben_funk","ktn_gdn_be","CHF","fs"
"","82","2015","52632895.92","ausgaben_funk","ktn_gdn_be","CHF","fs"
"","83","2015","8274369.45","ausgaben_funk","ktn_gdn_be","CHF","fs"
"","84","2015","42441200.34","ausgaben_funk","ktn_gdn_be","CHF","fs"
"","85","2015","40339770.43","ausgaben_funk","ktn_gdn_be","CHF","fs"
"","86","2015","","ausgaben_funk","ktn_gdn_be","CHF","fs"
"","87","2015","206460855.48","ausgaben_funk","ktn_gdn_be","CHF","fs"
"","88","2015","","ausgaben_funk","ktn_gdn_be","CHF","fs"
"","89","2015","25744073.09","ausgaben_funk","ktn_gdn_be","CHF","fs"
"","91","2015","102333677.2","ausgaben_funk","ktn_gdn_be","CHF","fs"
"","92","2015","","ausgaben_funk","ktn_gdn_be","CHF","fs"
"","93","2015","15800978","ausgaben_funk","ktn_gdn_be","CHF","fs"
"","94","2015","","ausgaben_funk","ktn_gdn_be","CHF","fs"
"","95","2015","","ausgaben_funk","ktn_gdn_be","CHF","fs"
"","96","2015","283946661.7","ausgaben_funk","ktn_gdn_be","CHF","fs"
"","97","2015","","ausgaben_funk","ktn_gdn_be","CHF","fs"
"","99","2015","","ausgaben_funk","ktn_gdn_be","CHF","fs"
"","01","2015","1192075.12","einnahmen_funk","ktn_gdn_be","CHF","fs"
"","02","2015","186575421.85","einnahmen_funk","ktn_gdn_be","CHF","fs"
"","03","2015","","einnahmen_funk","ktn_gdn_be","CHF","fs"
"","08","2015","","einnahmen_funk","ktn_gdn_be","CHF","fs"
"","11","2015","156269409.8","einnahmen_funk","ktn_gdn_be","CHF","fs"
"","12","2015","102412435.12","einnahmen_funk","ktn_gdn_be","CHF","fs"
"","13","2015","68068388.61","einnahmen_funk","ktn_gdn_be","CHF","fs"
"","14","2015","176457664.46","einnahmen_funk","ktn_gdn_be","CHF","fs"
"","15","2015","63369895.7","einnahmen_funk","ktn_gdn_be","CHF","fs"
"","16","2015","25380179.32","einnahmen_funk","ktn_gdn_be","CHF","fs"
"","18","2015","","einnahmen_funk","ktn_gdn_be","CHF","fs"
"","21","2015","101403775.75","einnahmen_funk","ktn_gdn_be","CHF","fs"
"","22","2015","10754069.7","einnahmen_funk","ktn_gdn_be","CHF","fs"
"","23","2015","175121179.41","einnahmen_funk","ktn_gdn_be","CHF","fs"
"","25","2015","6463128.57","einnahmen_funk","ktn_gdn_be","CHF","fs"
"","26","2015","469906","einnahmen_funk","ktn_gdn_be","CHF","fs"
"","27","2015","484955297.24","einnahmen_funk","ktn_gdn_be","CHF","fs"
"","28","2015","286853998.11","einnahmen_funk","ktn_gdn_be","CHF","fs"
"","29","2015","8437287.2","einnahmen_funk","ktn_gdn_be","CHF","fs"
"","31","2015","5362689.88","einnahmen_funk","ktn_gdn_be","CHF","fs"
"","32","2015","9427550.36","einnahmen_funk","ktn_gdn_be","CHF","fs"
"","33","2015","10194315.54","einnahmen_funk","ktn_gdn_be","CHF","fs"
"","34","2015","55776158.57","einnahmen_funk","ktn_gdn_be","CHF","fs"
"","35","2015","","einnahmen_funk","ktn_gdn_be","CHF","fs"
"","38","2015","","einnahmen_funk","ktn_gdn_be","CHF","fs"
"","41","2015","11012784.1","einnahmen_funk","ktn_gdn_be","CHF","fs"
"","42","2015","156531.72","einnahmen_funk","ktn_gdn_be","CHF","fs"
"","43","2015","14251553.07","einnahmen_funk","ktn_gdn_be","CHF","fs"
"","48","2015","","einnahmen_funk","ktn_gdn_be","CHF","fs"
"","49","2015","12866439.36","einnahmen_funk","ktn_gdn_be","CHF","fs"
"","51","2015","289520133","einnahmen_funk","ktn_gdn_be","CHF","fs"
"","52","2015","119698200.11","einnahmen_funk","ktn_gdn_be","CHF","fs"
"","53","2015","113649698.96","einnahmen_funk","ktn_gdn_be","CHF","fs"
"","54","2015","78807046.89","einnahmen_funk","ktn_gdn_be","CHF","fs"
"","55","2015","66747664.29","einnahmen_funk","ktn_gdn_be","CHF","fs"
"","56","2015","437723.38","einnahmen_funk","ktn_gdn_be","CHF","fs"
"","57","2015","386385365.78","einnahmen_funk","ktn_gdn_be","CHF","fs"
"","58","2015","","einnahmen_funk","ktn_gdn_be","CHF","fs"
"","59","2015","","einnahmen_funk","ktn_gdn_be","CHF","fs"
"","61","2015","472798779.26","einnahmen_funk","ktn_gdn_be","CHF","fs"
"","62","2015","23750563.16","einnahmen_funk","ktn_gdn_be","CHF","fs"
"","63","2015","8795","einnahmen_funk","ktn_gdn_be","CHF","fs"
"","64","2015","","einnahmen_funk","ktn_gdn_be","CHF","fs"
"","68","2015","","einnahmen_funk","ktn_gdn_be","CHF","fs"
"","71","2015","102072134.68","einnahmen_funk","ktn_gdn_be","CHF","fs"
"","72","2015","254108001.32","einnahmen_funk","ktn_gdn_be","CHF","fs"
"","73","2015","145489398.29","einnahmen_funk","ktn_gdn_be","CHF","fs"
"","74","2015","2903940.49","einnahmen_funk","ktn_gdn_be","CHF","fs"
"","75","2015","1690314.36","einnahmen_funk","ktn_gdn_be","CHF","fs"
"","76","2015","15808730.77","einnahmen_funk","ktn_gdn_be","CHF","fs"
"","77","2015","16623409.26","einnahmen_funk","ktn_gdn_be","CHF","fs"
"","78","2015","","einnahmen_funk","ktn_gdn_be","CHF","fs"
"","79","2015","20900360.19","einnahmen_funk","ktn_gdn_be","CHF","fs"
"","81","2015","570986413.43","einnahmen_funk","ktn_gdn_be","CHF","fs"
"","82","2015","24330798.23","einnahmen_funk","ktn_gdn_be","CHF","fs"
"","83","2015","4651119.47","einnahmen_funk","ktn_gdn_be","CHF","fs"
"","84","2015","8157422.18","einnahmen_funk","ktn_gdn_be","CHF","fs"
"","85","2015","18069670.94","einnahmen_funk","ktn_gdn_be","CHF","fs"
"","86","2015","192021087.43","einnahmen_funk","ktn_gdn_be","CHF","fs"
"","87","2015","372658526.56","einnahmen_funk","ktn_gdn_be","CHF","fs"
"","88","2015","","einnahmen_funk","ktn_gdn_be","CHF","fs"
"","89","2015","32492161.81","einnahmen_funk","ktn_gdn_be","CHF","fs"
"","91","2015","7757014089.61","einnahmen_funk","ktn_gdn_be","CHF","fs"
"","92","2015","","einnahmen_funk","ktn_gdn_be","CHF","fs"
"","93","2015","1249216938.91","einnahmen_funk","ktn_gdn_be","CHF","fs"
"","94","2015","310703456","einnahmen_funk","ktn_gdn_be","CHF","fs"
"","95","2015","","einnahmen_funk","ktn_gdn_be","CHF","fs"
"","96","2015","292057202.98","einnahmen_funk","ktn_gdn_be","CHF","fs"
"","97","2015","1924226.88","einnahmen_funk","ktn_gdn_be","CHF","fs"
"","99","2015","73200","einnahmen_funk","ktn_gdn_be","CHF","fs"
"","01","2015","68647515.93","ord_ausgaben_funk","ktn_gdn_be","CHF","fs"
"","02","2015","867375485.68","ord_ausgaben_funk","ktn_gdn_be","CHF","fs"
"","03","2015","","ord_ausgaben_funk","ktn_gdn_be","CHF","fs"
"","08","2015","","ord_ausgaben_funk","ktn_gdn_be","CHF","fs"
"","11","2015","455641294.79","ord_ausgaben_funk","ktn_gdn_be","CHF","fs"
"","12","2015","215835083.49","ord_ausgaben_funk","ktn_gdn_be","CHF","fs"
"","13","2015","150272587.54","ord_ausgaben_funk","ktn_gdn_be","CHF","fs"
"","14","2015","344487764.38","ord_ausgaben_funk","ktn_gdn_be","CHF","fs"
"","15","2015","85372515.26","ord_ausgaben_funk","ktn_gdn_be","CHF","fs"
"","16","2015","48922430.44","ord_ausgaben_funk","ktn_gdn_be","CHF","fs"
"","18","2015","","ord_ausgaben_funk","ktn_gdn_be","CHF","fs"
"","21","2015","1777957306.45","ord_ausgaben_funk","ktn_gdn_be","CHF","fs"
"","22","2015","24478590.58","ord_ausgaben_funk","ktn_gdn_be","CHF","fs"
"","23","2015","583135628.27","ord_ausgaben_funk","ktn_gdn_be","CHF","fs"
"","25","2015","229396166.68","ord_ausgaben_funk","ktn_gdn_be","CHF","fs"
"","26","2015","15928170.1","ord_ausgaben_funk","ktn_gdn_be","CHF","fs"
"","27","2015","938331869.85","ord_ausgaben_funk","ktn_gdn_be","CHF","fs"
"","28","2015","286784728","ord_ausgaben_funk","ktn_gdn_be","CHF","fs"
"","29","2015","81127681.3","ord_ausgaben_funk","ktn_gdn_be","CHF","fs"
"","31","2015","66311478.08","ord_ausgaben_funk","ktn_gdn_be","CHF","fs"
"","32","2015","170919204.43","ord_ausgaben_funk","ktn_gdn_be","CHF","fs"
"","33","2015","8661316.54","ord_ausgaben_funk","ktn_gdn_be","CHF","fs"
"","34","2015","169657377.06","ord_ausgaben_funk","ktn_gdn_be","CHF","fs"
"","35","2015","72708404.56","ord_ausgaben_funk","ktn_gdn_be","CHF","fs"
"","38","2015","","ord_ausgaben_funk","ktn_gdn_be","CHF","fs"
"","41","2015","1418715693","ord_ausgaben_funk","ktn_gdn_be","CHF","fs"
"","42","2015","138351253.33","ord_ausgaben_funk","ktn_gdn_be","CHF","fs"
"","43","2015","67299226.56","ord_ausgaben_funk","ktn_gdn_be","CHF","fs"
"","48","2015","105936000","ord_ausgaben_funk","ktn_gdn_be","CHF","fs"
"","49","2015","18873115.14","ord_ausgaben_funk","ktn_gdn_be","CHF","fs"
"","51","2015","334695152.16","ord_ausgaben_funk","ktn_gdn_be","CHF","fs"
"","52","2015","826310654.46","ord_ausgaben_funk","ktn_gdn_be","CHF","fs"
"","53","2015","587979202.89","ord_ausgaben_funk","ktn_gdn_be","CHF","fs"
"","54","2015","267628183.79","ord_ausgaben_funk","ktn_gdn_be","CHF","fs"
"","55","2015","97250380.04","ord_ausgaben_funk","ktn_gdn_be","CHF","fs"
"","56","2015","1907125.46","ord_ausgaben_funk","ktn_gdn_be","CHF","fs"
"","57","2015","1088103915.43","ord_ausgaben_funk","ktn_gdn_be","CHF","fs"
"","58","2015","","ord_ausgaben_funk","ktn_gdn_be","CHF","fs"
"","59","2015","3606244.69","ord_ausgaben_funk","ktn_gdn_be","CHF","fs"
"","61","2015","860599852.23","ord_ausgaben_funk","ktn_gdn_be","CHF","fs"
"","62","2015","386832246.11","ord_ausgaben_funk","ktn_gdn_be","CHF","fs"
"","63","2015","1549291.01","ord_ausgaben_funk","ktn_gdn_be","CHF","fs"
"","64","2015","106443.55","ord_ausgaben_funk","ktn_gdn_be","CHF","fs"
"","68","2015","","ord_ausgaben_funk","ktn_gdn_be","CHF","fs"
"","71","2015","107398087.58","ord_ausgaben_funk","ktn_gdn_be","CHF","fs"
"","72","2015","224008898.68","ord_ausgaben_funk","ktn_gdn_be","CHF","fs"
"","73","2015","145554371.88","ord_ausgaben_funk","ktn_gdn_be","CHF","fs"
"","74","2015","36880140.1","ord_ausgaben_funk","ktn_gdn_be","CHF","fs"
"","75","2015","19917629.24","ord_ausgaben_funk","ktn_gdn_be","CHF","fs"
"","76","2015","21720700.49","ord_ausgaben_funk","ktn_gdn_be","CHF","fs"
"","77","2015","41981322.27","ord_ausgaben_funk","ktn_gdn_be","CHF","fs"
"","78","2015","","ord_ausgaben_funk","ktn_gdn_be","CHF","fs"
"","79","2015","75948762.54","ord_ausgaben_funk","ktn_gdn_be","CHF","fs"
"","81","2015","609511784.06","ord_ausgaben_funk","ktn_gdn_be","CHF","fs"
"","82","2015","52632895.92","ord_ausgaben_funk","ktn_gdn_be","CHF","fs"
"","83","2015","8274369.45","ord_ausgaben_funk","ktn_gdn_be","CHF","fs"
"","84","2015","42441200.34","ord_ausgaben_funk","ktn_gdn_be","CHF","fs"
"","85","2015","40339770.43","ord_ausgaben_funk","ktn_gdn_be","CHF","fs"
"","86","2015","","ord_ausgaben_funk","ktn_gdn_be","CHF","fs"
"","87","2015","206460855.48","ord_ausgaben_funk","ktn_gdn_be","CHF","fs"
"","88","2015","","ord_ausgaben_funk","ktn_gdn_be","CHF","fs"
"","89","2015","25744073.09","ord_ausgaben_funk","ktn_gdn_be","CHF","fs"
"","91","2015","102333677.2","ord_ausgaben_funk","ktn_gdn_be","CHF","fs"
"","92","2015","","ord_ausgaben_funk","ktn_gdn_be","CHF","fs"
"","93","2015","15800978","ord_ausgaben_funk","ktn_gdn_be","CHF","fs"
"","94","2015","","ord_ausgaben_funk","ktn_gdn_be","CHF","fs"
"","95","2015","","ord_ausgaben_funk","ktn_gdn_be","CHF","fs"
"","96","2015","283946661.7","ord_ausgaben_funk","ktn_gdn_be","CHF","fs"
"","97","2015","","ord_ausgaben_funk","ktn_gdn_be","CHF","fs"
"","99","2015","","ord_ausgaben_funk","ktn_gdn_be","CHF","fs"
"","01","2015","1192075.12","ord_einnahmen_funk","ktn_gdn_be","CHF","fs"
"","02","2015","186575421.85","ord_einnahmen_funk","ktn_gdn_be","CHF","fs"
"","03","2015","","ord_einnahmen_funk","ktn_gdn_be","CHF","fs"
"","08","2015","","ord_einnahmen_funk","ktn_gdn_be","CHF","fs"
"","11","2015","156269409.8","ord_einnahmen_funk","ktn_gdn_be","CHF","fs"
"","12","2015","102412435.12","ord_einnahmen_funk","ktn_gdn_be","CHF","fs"
"","13","2015","68068388.61","ord_einnahmen_funk","ktn_gdn_be","CHF","fs"
"","14","2015","176457664.46","ord_einnahmen_funk","ktn_gdn_be","CHF","fs"
"","15","2015","63369895.7","ord_einnahmen_funk","ktn_gdn_be","CHF","fs"
"","16","2015","25380179.32","ord_einnahmen_funk","ktn_gdn_be","CHF","fs"
"","18","2015","","ord_einnahmen_funk","ktn_gdn_be","CHF","fs"
"","21","2015","101403775.75","ord_einnahmen_funk","ktn_gdn_be","CHF","fs"
"","22","2015","10754069.7","ord_einnahmen_funk","ktn_gdn_be","CHF","fs"
"","23","2015","175121179.41","ord_einnahmen_funk","ktn_gdn_be","CHF","fs"
"","25","2015","6463128.57","ord_einnahmen_funk","ktn_gdn_be","CHF","fs"
"","26","2015","469906","ord_einnahmen_funk","ktn_gdn_be","CHF","fs"
"","27","2015","484955297.24","ord_einnahmen_funk","ktn_gdn_be","CHF","fs"
"","28","2015","286853998.11","ord_einnahmen_funk","ktn_gdn_be","CHF","fs"
"","29","2015","8437287.2","ord_einnahmen_funk","ktn_gdn_be","CHF","fs"
"","31","2015","5362689.88","ord_einnahmen_funk","ktn_gdn_be","CHF","fs"
"","32","2015","9427550.36","ord_einnahmen_funk","ktn_gdn_be","CHF","fs"
"","33","2015","10194315.54","ord_einnahmen_funk","ktn_gdn_be","CHF","fs"
"","34","2015","55776158.57","ord_einnahmen_funk","ktn_gdn_be","CHF","fs"
"","35","2015","","ord_einnahmen_funk","ktn_gdn_be","CHF","fs"
"","38","2015","","ord_einnahmen_funk","ktn_gdn_be","CHF","fs"
"","41","2015","11012784.1","ord_einnahmen_funk","ktn_gdn_be","CHF","fs"
"","42","2015","156531.72","ord_einnahmen_funk","ktn_gdn_be","CHF","fs"
"","43","2015","14251553.07","ord_einnahmen_funk","ktn_gdn_be","CHF","fs"
"","48","2015","","ord_einnahmen_funk","ktn_gdn_be","CHF","fs"
"","49","2015","12866439.36","ord_einnahmen_funk","ktn_gdn_be","CHF","fs"
"","51","2015","289520133","ord_einnahmen_funk","ktn_gdn_be","CHF","fs"
"","52","2015","119698200.11","ord_einnahmen_funk","ktn_gdn_be","CHF","fs"
"","53","2015","113649698.96","ord_einnahmen_funk","ktn_gdn_be","CHF","fs"
"","54","2015","78807046.89","ord_einnahmen_funk","ktn_gdn_be","CHF","fs"
"","55","2015","66747664.29","ord_einnahmen_funk","ktn_gdn_be","CHF","fs"
"","56","2015","437723.38","ord_einnahmen_funk","ktn_gdn_be","CHF","fs"
"","57","2015","386385365.78","ord_einnahmen_funk","ktn_gdn_be","CHF","fs"
"","58","2015","","ord_einnahmen_funk","ktn_gdn_be","CHF","fs"
"","59","2015","","ord_einnahmen_funk","ktn_gdn_be","CHF","fs"
"","61","2015","472798779.26","ord_einnahmen_funk","ktn_gdn_be","CHF","fs"
"","62","2015","23750563.16","ord_einnahmen_funk","ktn_gdn_be","CHF","fs"
"","63","2015","8795","ord_einnahmen_funk","ktn_gdn_be","CHF","fs"
"","64","2015","","ord_einnahmen_funk","ktn_gdn_be","CHF","fs"
"","68","2015","","ord_einnahmen_funk","ktn_gdn_be","CHF","fs"
"","71","2015","102072134.68","ord_einnahmen_funk","ktn_gdn_be","CHF","fs"
"","72","2015","254108001.32","ord_einnahmen_funk","ktn_gdn_be","CHF","fs"
"","73","2015","145489398.29","ord_einnahmen_funk","ktn_gdn_be","CHF","fs"
"","74","2015","2903940.49","ord_einnahmen_funk","ktn_gdn_be","CHF","fs"
"","75","2015","1690314.36","ord_einnahmen_funk","ktn_gdn_be","CHF","fs"
"","76","2015","15808730.77","ord_einnahmen_funk","ktn_gdn_be","CHF","fs"
"","77","2015","16623409.26","ord_einnahmen_funk","ktn_gdn_be","CHF","fs"
"","78","2015","","ord_einnahmen_funk","ktn_gdn_be","CHF","fs"
"","79","2015","20900360.19","ord_einnahmen_funk","ktn_gdn_be","CHF","fs"
"","81","2015","570986413.43","ord_einnahmen_funk","ktn_gdn_be","CHF","fs"
"","82","2015","24330798.23","ord_einnahmen_funk","ktn_gdn_be","CHF","fs"
"","83","2015","4651119.47","ord_einnahmen_funk","ktn_gdn_be","CHF","fs"
"","84","2015","8157422.18","ord_einnahmen_funk","ktn_gdn_be","CHF","fs"
"","85","2015","18069670.94","ord_einnahmen_funk","ktn_gdn_be","CHF","fs"
"","86","2015","192021087.43","ord_einnahmen_funk","ktn_gdn_be","CHF","fs"
"","87","2015","372658526.56","ord_einnahmen_funk","ktn_gdn_be","CHF","fs"
"","88","2015","","ord_einnahmen_funk","ktn_gdn_be","CHF","fs"
"","89","2015","32492161.81","ord_einnahmen_funk","ktn_gdn_be","CHF","fs"
"","91","2015","7757014089.61","ord_einnahmen_funk","ktn_gdn_be","CHF","fs"
"","92","2015","","ord_einnahmen_funk","ktn_gdn_be","CHF","fs"
"","93","2015","1249216938.91","ord_einnahmen_funk","ktn_gdn_be","CHF","fs"
"","94","2015","310703456","ord_einnahmen_funk","ktn_gdn_be","CHF","fs"
"","95","2015","","ord_einnahmen_funk","ktn_gdn_be","CHF","fs"
"","96","2015","292057202.98","ord_einnahmen_funk","ktn_gdn_be","CHF","fs"
"","97","2015","1924226.88","ord_einnahmen_funk","ktn_gdn_be","CHF","fs"
"","99","2015","73200","ord_einnahmen_funk","ktn_gdn_be","CHF","fs"